c,T_PM,d50,d90,d10,T_TM,mf_PM,mf_TM,Q_g,w_crystal,c_in,T_PM_in,T_TM_in,predicted_cluster
-0.3254083458430749,0.8277528051963715,-0.0267620973877198,-0.0481720027510313,-0.0583549164721716,0.8487032068011346,-1.3497835769432849,1.14060218366945,0.1391728415238527,0.8240768619852656,-0.9890707100936834,-0.9890707100923614,-0.9890707100923614,0
-0.3244269514656629,0.8246864439574726,-0.0725041493079327,-0.1081304297602637,-0.0736226457216849,0.8457080558428997,-1.3497835769432849,1.14060218366945,0.1391728415238527,0.8240768619852656,-0.9890707100936834,-0.9890707100923614,-0.9890707100923614,0
-0.3257580851128289,0.8216317975820233,-0.0646228222675183,-0.0729951697589254,-0.0786653026707561,0.8427252522663928,-1.3497835769432849,1.14060218366945,0.1391728415238527,0.8240768619852656,-0.9890707100936834,-0.9890707100923614,-0.9890707100923614,0
-0.326340981190433,0.8191075140893899,-0.0502584557831693,-0.0394800797922454,-0.0463613889918832,0.8404078985288637,-1.3497835769432849,1.14060218366945,0.1391728415238527,0.8240768619852656,-0.9890707100936834,-0.9890707100923614,-0.9890707100923614,0
-0.331720781653993,0.8187591616951775,-0.0511826078834571,-0.0740575499817312,-0.0567738734458129,0.8401491801483207,-1.3497835769432849,1.14060218366945,0.1391728415238527,0.8240768619852656,-0.9890707100936834,-0.9890707100923614,-0.9890707100923614,0
-0.3282372544715646,0.8187570166035513,-0.0695114613525688,-0.0604563228878678,-0.0707279160292834,0.8401478711184829,-1.3497835769432849,1.14060218366945,0.1391728415238527,0.8240768619852656,-0.9890707100936834,-0.9890707100923614,-0.9890707100923614,0
-0.3267941849733636,0.8187570155830248,-0.0624373947908595,-0.0659753827000792,-0.0783944527972152,0.8401478705743461,-1.3497835769432849,1.14060218366945,0.1391728415238527,0.8240768619852656,-0.9890707100936834,-0.9890707100923614,-0.9890707100923614,0
-0.3270716423962247,0.8187570155829776,-0.0782428386410661,-0.0836860571093872,-0.0868360658646931,0.8401478705743461,-1.3497835769432849,1.14060218366945,0.1391728415238527,0.8240768619852656,-0.9890707100936834,-0.9890707100923614,-0.9890707100923614,0
-0.3295612146698862,0.8187570155829776,-0.0569659883311842,-0.0518547144009657,-0.0529655402277918,0.8401478705743461,-1.3497835769432849,1.14060218366945,0.1391728415238527,0.8240768619852656,-0.9890707100936834,-0.9890707100923614,-0.9890707100923614,0
-0.3267293255271289,0.8187570155829776,-0.0525499000714981,-0.0717864231377424,-0.072441813704758,0.8401759273435497,-1.3497835769432849,1.14060218366945,1.0282679456680266,0.8240768619852656,-0.9890707100936834,-0.9890707100923614,-0.9890707100923614,0
-0.3131644746732082,0.8199987333465605,-0.0639255072540391,-0.0820268780143365,-0.059007211495929,0.841280595348386,-1.3497835769432849,1.14060218366945,1.0282679456680266,0.8240768619852656,-0.9890707100936834,-0.9890707100923614,-0.9890707100923614,0
-0.3048066988874804,0.8210481094602133,-0.0410248100199822,-0.0452173763888133,-0.0585897843537016,0.8424402812336951,-1.3497835769432849,1.14060218366945,1.0282679456680266,0.8240768619852656,-0.9890707100936834,-0.9890707100923614,-0.9890707100923614,0
-0.3055756792426091,0.8225875542811327,-0.0467793120098858,-0.0622258014233258,-0.0634381844633534,0.843937392618288,-1.3497835769432849,1.14060218366945,1.0282679456680266,0.8240768619852656,-0.9890707100936834,-0.9890707100923614,-0.9890707100923614,0
-0.2973657447706037,0.8228475860045414,-0.048004093519985,-0.04479990947969,-0.0771159487616017,0.8410886053632792,-1.3497835769432849,1.14060218366945,1.0282679456680266,0.8240768619852656,-0.9890707100936834,-0.9890707100923614,-0.9890707100923614,0
-0.2975245333455745,0.8215590921270091,-0.0677265859835914,-0.0310690915939367,-0.0639570033937501,0.8401117836661744,-1.3497835769432849,1.14060218366945,1.0282679456680266,0.8240768619852656,-0.9890707100936834,-0.9890707100923614,-0.9890707100923614,0
-0.2975771621988792,0.8215532829941151,-0.0622654341387207,-0.0678476611811603,-0.0739205363565579,0.8401082876958337,-1.3497835769432849,1.14060218366945,1.0282679456680266,0.8240768619852656,-0.9890707100936834,-0.9890707100923614,-0.9890707100923614,0
-0.3019959727799706,0.8215532813755803,-0.0702739553276745,-0.0795218551370254,-0.0680383302413783,0.8401082868517548,-1.3497835769432849,1.14060218366945,1.0282679456680266,0.8240768619852656,-0.9890707100936834,-0.9890707100923614,-0.9890707100923614,0
-0.2998112937303374,0.8215532813755448,-0.0529027444849801,-0.0189776480934962,-0.0583253464405499,0.8401082868517316,-1.3497835769432849,1.14060218366945,1.0282679456680266,0.8240768619852656,-0.9890707100936834,-0.9890707100923614,-0.9890707100923614,0
-0.2985655091613329,0.8215532813755448,-0.0838790044103815,-0.0769841316438795,-0.0642118788261313,0.8401082868517316,-1.3497835769432849,1.14060218366945,1.0282679456680266,0.8240768619852656,-0.9890707100936834,-0.9890707100923614,-0.9890707100923614,0
-0.2991627983279241,0.8215532813755448,-0.0919512307629641,-0.098652164197562,-0.0856738183682849,0.8401082868517316,-1.3497835769432849,1.14060218366945,1.0282679456680266,0.8240768619852656,-0.9890707100936834,-0.9890707100923614,-0.9890707100923614,0
-0.297102918072414,0.8215532813755448,-0.0801130004944952,-0.1005687991925326,-0.0722540481999254,0.8401082868517316,-1.3497835769432849,1.14060218366945,1.0282679456680266,0.8240768619852656,-0.9890707100936834,-0.9890707100923614,-0.9890707100923614,0
-0.2988976621062702,0.8215532813755448,-0.0578083832782805,-0.0737577863344081,-0.0601062865139602,0.8401082868517316,-1.3497835769432849,1.14060218366945,1.0282679456680266,0.8240768619852656,-0.9890707100936834,-0.9890707100923614,-0.9890707100923614,0
-0.2975159189762847,0.8215532813755448,-0.0757499824099808,-0.0670099030754606,-0.0636184511655604,0.8401082868517316,-1.3497835769432849,1.14060218366945,1.0282679456680266,0.8240768619852656,-0.9890707100936834,-0.9890707100923614,-0.9890707100923614,0
-0.3003179027395168,0.8215532813755448,-0.092731633091872,-0.0825527886662983,-0.0903802104607318,0.8401082868517316,-1.3497835769432849,1.14060218366945,1.0282679456680266,0.8240768619852656,-0.9890707100936834,-0.9890707100923614,-0.9890707100923614,0
-0.2988751864323351,0.8215532813755448,-0.0747510691164052,-0.0526090121343503,-0.0524393085108414,0.8401082868517316,-1.3497835769432849,1.14060218366945,1.0282679456680266,0.8240768619852656,-0.9890707100936834,-0.9890707100923614,-0.9890707100923614,0
-0.2999470469909563,0.8215532813755448,-0.0546850098321439,-0.0517188845510089,-0.0678109424740781,0.8401082868517316,-1.3497835769432849,1.14060218366945,1.0282679456680266,0.8240768619852656,-0.9890707100936834,-0.9890707100923614,-0.9890707100923614,0
-0.2966512684708844,0.8215532813755448,-0.0606509827474208,-0.0399014892703298,-0.0548576158729758,0.8401082868517316,-1.3497835769432849,1.14060218366945,1.0282679456680266,0.8240768619852656,-0.9890707100936834,-0.9890707100923614,-0.9890707100923614,0
-0.2990198478664233,0.8215532813755448,-0.0907990832037208,-0.0811345295902363,-0.0583128561931865,0.8401082868517316,-1.3497835769432849,1.14060218366945,1.0282679456680266,0.8240768619852656,-0.9890707100936834,-0.9890707100923614,-0.9890707100923614,0
-0.3016795995709023,0.8215532813755448,-0.0665676569344198,-0.039633507740558,-0.0842133590521745,0.8401082868517316,-1.3497835769432849,1.14060218366945,1.0282679456680266,0.8240768619852656,-0.9890707100936834,-0.9890707100923614,-0.9890707100923614,0
-0.2986087388992605,0.8215532813755448,-0.0749737131270486,-0.0751007749032809,-0.0662574246041634,0.8401082868517316,-1.3497835769432849,1.14060218366945,1.0282679456680266,0.8240768619852656,-0.9890707100936834,-0.9890707100923614,-0.9890707100923614,0
-0.2993157501428795,0.8215532813755448,-0.0817067068272653,-0.0360297123122576,-0.0610082323510209,0.8401082868517316,-1.3497835769432849,1.14060218366945,1.0282679456680266,0.8240768619852656,-0.9890707100936834,-0.9890707100923614,-0.9890707100923614,0
-0.2984580090595299,0.8215532813755448,-0.043872918879823,-0.0558757443530084,-0.0577597744570484,0.8401082868517316,-1.3497835769432849,1.14060218366945,1.0282679456680266,0.8240768619852656,-0.9890707100936834,-0.9890707100923614,-0.9890707100923614,0
-0.2982944094620529,0.8215532813755448,-0.0656233449753889,-0.0090599672051641,-0.0516758824887868,0.8401082868517316,-1.3497835769432849,1.14060218366945,1.0282679456680266,0.8240768619852656,-0.9890707100936834,-0.9890707100923614,-0.9890707100923614,0
-0.300184542406509,0.8215532813755448,-0.0704925566291778,-0.0678428621315007,-0.0709795216721214,0.8401082868517316,-1.3497835769432849,1.14060218366945,1.0282679456680266,0.8240768619852656,-0.9890707100936834,-0.9890707100923614,-0.9890707100923614,0
-0.2975969316139729,0.8215532813755448,-0.0558329840941162,-0.0774334596067393,-0.0428249800614311,0.8401082868517316,-1.3497835769432849,1.14060218366945,1.0282679456680266,0.8240768619852656,-0.9890707100936834,-0.9890707100923614,-0.9890707100923614,0
-0.300628774515043,0.8215532813755448,-0.0668173939633329,-0.0751688541036278,-0.0836323615210034,0.8401082868517316,-1.3497835769432849,1.14060218366945,1.0282679456680266,0.8240768619852656,-0.9890707100936834,-0.9890707100923614,-0.9890707100923614,0
-0.3009342513071342,0.8215532813755448,-0.043296846928605,-0.0467191632200021,-0.0568612337411823,0.8401082868517316,-1.3497835769432849,1.14060218366945,1.0282679456680266,0.8240768619852656,-0.9890707100936834,-0.9890707100923614,-0.9890707100923614,0
-0.300032613635652,0.8215532813755448,-0.0539946489498565,-0.0683040901012634,-0.0321317835795075,0.8401222717877764,-1.3497835769432849,1.14060218366945,1.211150817063782,0.8240768619852656,-0.9890707100936834,-0.9890707100923614,-0.9890707100923614,0
-0.3027353488034226,0.8193397855957127,-0.071500954918187,-0.0636838633358714,-0.0625764067081695,0.8403071469062187,-1.3497835769432849,1.14060218366945,1.211150817063782,0.8240768619852656,-0.9890707100936834,-0.9890707100923614,-0.9890707100923614,0
-0.2944941310301542,0.8534576937056154,-0.0539088262288297,-0.0589530190083764,-0.0685516081737606,0.8401196880780238,-1.3497835769432849,1.14060218366945,1.211150817063782,0.8240768619852656,-0.9890707100936834,-0.9890707100923614,-0.9890707100923614,0
-0.2957306600377381,0.825545355511187,-0.0556707194762792,-0.005011287088922,-0.0733651708570934,0.8407117593092226,-1.3497835769432849,1.14060218366945,1.211150817063782,0.8240768619852656,-0.9890707100936834,-0.9890707100923614,-0.9890707100923614,0
-0.2956600618521767,0.8217239047630636,-0.0597264732890143,-0.0730432995029623,-0.0540838525612077,0.8402532368103096,-1.3497835769432849,1.14060218366945,1.211150817063782,0.8240768619852656,-0.9890707100936834,-0.9890707100923614,-0.9890707100923614,0
-0.2988596436691281,0.8215399352908872,-0.066149125796463,-0.065620171664644,-0.0606006814533601,0.8402152148329989,-0.522873794804934,1.14060218366945,1.211150817063782,0.8240768619852656,-0.9890707100936834,-0.9890707100923614,-0.9890707100923614,0
-0.2834528803648503,0.822658614144026,-0.0243272487016006,-0.0080918368280103,-0.0496401759564338,0.8411962268693022,-0.522873794804934,1.14060218366945,1.211150817063782,0.8240768619852656,-0.9890707100936834,-0.9890707100923614,-0.9890707100923614,0
-0.274818999864166,0.8272240761596474,-0.0696046584910722,-0.0146911939702545,-0.0777254098848283,0.8421328405256964,-0.522873794804934,1.14060218366945,1.211150817063782,0.8240768619852656,-0.9890707100936834,-0.9890707100923614,-0.9890707100923614,0
-0.2752307729250865,0.8291044895189803,-0.084166220696432,-0.0916391653339511,-0.0677677038567021,0.8445151104918089,-0.522873794804934,1.14060218366945,1.211150817063782,0.8240768619852656,-0.9890707100936834,-0.9890707100923614,-0.9890707100923614,0
-0.2750367423787388,0.8380295005231445,-0.061424224382565,-0.0824438019389864,-0.0665576617772216,0.8531781269256591,-0.522873794804934,1.14060218366945,1.211150817063782,0.8240768619852656,-0.9890707100936834,-0.9890707100923614,-0.9890707100923614,0
-0.2738931756389708,0.8395315136499383,-0.0667091154414528,-0.0758126320777592,-0.0484744246438029,0.8543473421465184,-0.522873794804934,1.14060218366945,1.211150817063782,0.8240768619852656,-0.9890707100936834,-0.9890707100923614,-0.9890707100923614,0
-0.2737619399317981,0.8395369210415674,-0.0686267405064945,-0.0962745277605011,-0.0815586092645187,0.8543506243652337,-0.522873794804934,1.14060218366945,1.211150817063782,0.8240768619852656,-0.9890707100936834,-0.9890707100923614,-0.9890707100923614,0
-0.2759477114788021,0.8395369217322318,-0.096600177622804,-0.1087759869233254,-0.0872132194979391,0.8543506247009464,-0.522873794804934,1.14060218366945,1.211150817063782,0.8240768619852656,-0.9890707100936834,-0.9890707100923614,-0.9890707100923614,0
-0.2741949872297013,0.8395369217322318,-0.0667292640860875,-0.0684052103236325,-0.0883696897952681,0.8543506247009464,-0.522873794804934,1.14060218366945,1.211150817063782,0.8240768619852656,-0.9890707100936834,-0.9890707100923614,-0.9890707100923614,0
-0.2744193866532256,0.8395369217322318,-0.0547488990934767,-0.0562562039572195,-0.0770441257601892,0.8543506247009464,-0.522873794804934,1.14060218366945,1.211150817063782,0.8240768619852656,-0.9890707100936834,-0.9890707100923614,-0.9890707100923614,0
-0.2747643391789293,0.8395369217322318,-0.0620574273177479,-0.0840118539292944,-0.0417385970622524,0.8543506247009464,-0.522873794804934,1.14060218366945,1.211150817063782,0.8240768619852656,-0.9890707100936834,-0.9890707100923614,-0.9890707100923614,0
-0.2747414786993558,0.8395369217322318,-0.0749608309431743,-0.0331573324915355,-0.0633476902688374,0.8543506247009464,-0.522873794804934,1.14060218366945,1.211150817063782,1.62071373519364,-0.9890707100936834,-0.9890707100923614,-0.9890707100923614,0
-0.2740088702447494,0.8395369217322318,-0.0543772151954524,-0.0776071560646954,-0.0549306882228201,0.8543506247009464,-0.522873794804934,1.14060218366945,1.211150817063782,1.62071373519364,-0.9890707100936834,-0.9890707100923614,-0.9890707100923614,0
-0.273476335612798,0.8395369217322318,-0.0449403997774192,-0.0370843206697295,-0.0717825184401999,0.8543506247009464,-0.522873794804934,1.14060218366945,1.211150817063782,1.62071373519364,-0.9890707100936834,-0.9890707100923614,-0.9890707100923614,0
-0.2976650647859507,0.8395369217322318,-0.0666438026714624,-0.0877353831069747,-0.0780656226482028,0.8543506247009464,-0.522873794804934,1.14060218366945,1.211150817063782,1.62071373519364,-0.9890707100936834,-0.9890707100923614,-0.9890707100923614,0
-0.2971324207035495,0.8395369217322318,-0.0745337674997318,-0.1057469436851223,-0.0858594365461302,0.8543506247009464,-0.522873794804934,1.14060218366945,1.211150817063782,1.62071373519364,-0.9890707100936834,-0.9890707100923614,-0.9890707100923614,0
-0.2978682023627051,0.8395369217322318,-0.0604815945823287,-0.0585853815958725,-0.0661525037006359,0.8543506247009464,-0.522873794804934,1.14060218366945,1.211150817063782,1.62071373519364,-0.9890707100936834,-0.9890707100923614,-0.9890707100923614,0
-0.2984289233295893,0.8395369217322318,-0.0704627276780495,-0.0766380625196806,-0.053172485194415,0.8543506247009464,-0.522873794804934,1.14060218366945,1.211150817063782,1.62071373519364,-0.9890707100936834,-0.9890707100923614,-0.9890707100923614,0
-0.2968069505271397,0.8395369217322318,-0.0886359126369623,-0.0426807228335589,-0.085067805707019,0.8543506247009464,-0.522873794804934,1.14060218366945,1.211150817063782,1.62071373519364,-0.9890707100936834,-0.9890707100923614,-0.9890707100923614,0
-0.2983763225401586,0.8395369217322318,-0.0834415260472332,-0.0893889978160463,-0.0726067829674129,0.8543506247009464,-0.522873794804934,1.14060218366945,1.211150817063782,1.62071373519364,-0.9890707100936834,-0.9890707100923614,-0.9890707100923614,0
-0.2974139437894319,0.8395369217322318,-0.0489731569219993,-0.0116154047247988,-0.0421716138491792,0.8543506247009464,-0.522873794804934,1.14060218366945,1.211150817063782,1.62071373519364,-0.9890707100936834,-0.9890707100923614,-0.9890707100923614,0
-0.2981370199831321,0.8395369217322318,-0.0426698498328807,-0.0696491189035021,-0.084772136094876,0.8543506247009464,-0.522873794804934,1.14060218366945,1.211150817063782,1.62071373519364,-0.9890707100936834,-0.9890707100923614,-0.9890707100923614,0
-0.2974245642186497,0.8395369217322318,-0.0878251133655069,-0.0847326322510982,-0.0703069231504234,0.8543506247009464,-0.522873794804934,1.14060218366945,1.211150817063782,1.62071373519364,-0.9890707100936834,-0.9890707100923614,-0.9890707100923614,0
-0.2988313450256429,0.8395369217322318,-0.0557950326495441,-0.0398562264634699,-0.0533699667730591,0.8543506247009464,-0.522873794804934,1.14060218366945,1.211150817063782,1.62071373519364,-0.9890707100936834,-0.9890707100923614,-0.9890707100923614,0
-0.2966324528020025,0.8395369217322318,-0.0360697553011565,-0.0468720408044479,-0.0587559003028944,0.8543506247009464,-0.522873794804934,1.14060218366945,1.211150817063782,1.62071373519364,-0.9890707100936834,-0.9890707100923614,-0.9890707100923614,0
-0.2990730401622515,0.8395369217322318,-0.0752766127054405,-0.0602768419738388,-0.0794784605179268,0.8543506247009464,-0.522873794804934,1.14060218366945,1.211150817063782,1.62071373519364,-0.9890707100936834,-0.9890707100923614,-0.9890707100923614,0
-0.2988488616089408,0.8395369217322318,-0.0567836330849865,-0.0847091891368828,-0.0724233486307506,0.8543506247009464,-0.522873794804934,1.14060218366945,1.211150817063782,1.62071373519364,-0.9890707100936834,-0.9890707100923614,-0.9890707100923614,0
-0.2971211829919409,0.8395369217322318,-0.046272487467743,-0.0522035705088438,-0.0976651429792084,0.8543506247009464,-0.522873794804934,1.14060218366945,1.211150817063782,1.62071373519364,-0.9890707100936834,-0.9890707100923614,-0.9890707100923614,0
-0.2989249879794393,0.8395369217322318,-0.0577409935066568,-0.066570094259929,-0.0803528132654933,0.8543506247009464,-0.522873794804934,1.14060218366945,1.211150817063782,1.62071373519364,-0.9890707100936834,-0.9890707100923614,-0.9890707100923614,0
-0.2972712396784996,0.8395369217322318,-0.0676244030516303,-0.0899484127481173,-0.0538777897118601,0.8543506247009464,-0.522873794804934,1.14060218366945,1.211150817063782,1.62071373519364,-0.9890707100936834,-0.9890707100923614,-0.9890707100923614,0
-0.2975303896868796,0.8395369217322318,-0.0675930605407651,-0.0684507514554296,-0.0587689897003414,0.8543506247009464,-0.522873794804934,1.14060218366945,1.211150817063782,1.62071373519364,-0.9890707100936834,-0.9890707100923614,-0.9890707100923614,0
-0.2976126802925615,0.8395369217322318,-0.04423538294963,-0.0628361987013966,-0.0317216462667061,0.8543506247009464,-0.522873794804934,1.14060218366945,1.211150817063782,1.62071373519364,-0.9890707100936834,-0.9890707100923614,-0.9890707100923614,0
-0.2982622947735885,0.8395369217322318,-0.0909846526709615,-0.1011239354486235,-0.0824427100127941,0.8543506247009464,-0.522873794804934,1.14060218366945,1.211150817063782,1.62071373519364,-0.9890707100936834,-0.9890707100923614,-0.9890707100923614,0
-0.299621607679578,0.8395369217322318,-0.0615270915083515,-0.0481620350470154,-0.0713548095312866,0.8543506247009464,-0.522873794804934,1.14060218366945,1.211150817063782,1.62071373519364,-0.9890707100936834,-0.9890707100923614,-0.9890707100923614,0
-0.3002114998955937,0.8395369217322318,-0.0537739145333555,-0.0207609645999916,-0.0467981680294452,0.8543506247009464,-0.522873794804934,1.14060218366945,1.211150817063782,1.62071373519364,-0.9890707100936834,-0.9890707100923614,-0.9890707100923614,0
-0.2986471410331877,0.8395369217322318,-0.0591841764573755,-0.0614711850872859,-0.0670086109233999,0.8543506247009464,-0.522873794804934,1.14060218366945,1.211150817063782,1.62071373519364,-0.9890707100936834,-0.9890707100923614,-0.9890707100923614,0
-0.2974470819207724,0.8395369217322318,-0.0637811129374596,-0.1009752282473344,-0.050875744277088,0.8543506247009464,-0.522873794804934,1.14060218366945,1.211150817063782,1.62071373519364,-0.9890707100936834,-0.9890707100923614,-0.9890707100923614,0
-0.2993412903028584,0.8395369217322318,-0.0755908816129156,-0.0920153473566755,-0.0873311699800727,0.8543506247009464,-0.522873794804934,1.14060218366945,1.211150817063782,1.62071373519364,-0.9890707100936834,-0.9890707100923614,-0.9890707100923614,0
-0.2986041660306552,0.8395369217322318,-0.064867062489016,-0.0523541503664806,-0.0672074147463273,0.8543506247009464,-0.522873794804934,1.14060218366945,1.211150817063782,1.62071373519364,-0.9890707100936834,-0.9890707100923614,-0.9890707100923614,0
-0.2969912998525215,0.8395369217322318,-0.0572040085738949,-0.0649406538093067,-0.0351531227886139,0.8543506247009464,-0.522873794804934,1.14060218366945,1.211150817063782,1.62071373519364,-0.9890707100936834,-0.9890707100923614,-0.9890707100923614,0
-0.2968503433402504,0.8395369217322318,-0.0659920614416279,-0.0619087257562872,-0.0675026735941406,0.8543506247009464,-0.522873794804934,1.14060218366945,1.211150817063782,1.62071373519364,-0.9890707100936834,-0.9890707100923614,-0.9890707100923614,0
-0.2972617136303168,0.8395369217322318,-0.0649525382120752,-0.0734427618861449,-0.0608140366726386,0.8543506247009464,-0.522873794804934,1.14060218366945,1.211150817063782,1.62071373519364,-0.9890707100936834,-0.9890707100923614,-0.9890707100923614,0
-0.2983362072035184,0.8395369217322318,-0.0899310124633849,-0.1048119748460008,-0.0846547911068871,0.8543506247009464,-0.522873794804934,1.14060218366945,1.211150817063782,1.62071373519364,-0.9890707100936834,-0.9890707100923614,-0.9890707100923614,0
-0.2971228841768131,0.8395369217322318,-0.0513252337238088,-0.0452327861832766,-0.0562861405578626,0.8543506247009464,-0.522873794804934,1.14060218366945,1.211150817063782,1.62071373519364,-0.9890707100936834,-0.9890707100923614,-0.9890707100923614,0
-0.2971412851656617,0.8395369217322318,-0.0593934515440621,-0.0459438040403465,-0.0646731062972672,0.8543506247009464,-0.522873794804934,1.14060218366945,1.211150817063782,1.62071373519364,-0.9890707100936834,-0.9890707100923614,-0.9890707100923614,0
-0.2983975192580207,0.8395369217322318,-0.0491980443241225,-0.0658910075843936,-0.0673049110848405,0.8543506247009464,-0.522873794804934,1.14060218366945,1.211150817063782,1.62071373519364,-0.9890707100936834,-0.9890707100923614,-0.9890707100923614,0
-0.2980948329040659,0.8395369217322318,-0.0717681057851186,-0.0469497282892041,-0.0716390931603742,0.8543506247009464,-0.522873794804934,1.14060218366945,1.211150817063782,1.62071373519364,-0.9890707100936834,-0.9890707100923614,-0.9890707100923614,0
-0.2987664506571689,0.8395369217322318,-0.0602909923152684,-0.0634819469904818,-0.0377820684065045,0.8543506247009464,-0.522873794804934,1.14060218366945,1.211150817063782,1.62071373519364,-0.9890707100936834,-0.9890707100923614,-0.9890707100923614,0
-0.2983895373299733,0.8395369217322318,-0.0681215872705042,-0.0550555307190985,-0.0597789503653847,0.8543506247009464,-0.522873794804934,1.14060218366945,1.211150817063782,1.62071373519364,-0.9890707100936834,-0.9890707100923614,-0.9890707100923614,0
-0.2988208005120441,0.8395369217322318,-0.0843007189535368,-0.0961472559072063,-0.0730092016484655,0.8543506247009464,-0.522873794804934,1.14060218366945,1.211150817063782,1.62071373519364,-0.9890707100936834,-0.9890707100923614,-0.9890707100923614,0
-0.2993132716656736,0.8395369217322318,-0.056881037306002,-0.0392072738342859,-0.0768774776199232,0.8543506247009464,-0.522873794804934,1.14060218366945,1.211150817063782,1.62071373519364,-0.9890707100936834,-0.9890707100923614,-0.9890707100923614,0
-0.2991704742614475,0.8395369217322318,-0.0683812251820544,-0.053916169575715,-0.0779072461821194,0.8543506247009464,-0.522873794804934,1.14060218366945,1.211150817063782,1.62071373519364,-0.9890707100936834,-0.9890707100923614,-0.9890707100923614,0
-0.2999580481674178,0.8395369217322318,-0.0749275542608701,-0.0764758273592061,-0.0458842150906127,0.8543506247009464,-0.522873794804934,1.14060218366945,1.211150817063782,1.62071373519364,-0.9890707100936834,-0.9890707100923614,-0.9890707100923614,0
-0.2983910461003518,0.8395369217322318,-0.0460352565650476,-0.0714507790415698,-0.081019655366365,0.8543506247009464,-0.522873794804934,1.14060218366945,1.211150817063782,1.62071373519364,-0.9890707100936834,-0.9890707100923614,-0.9890707100923614,0
-0.2957316322122849,0.8395369217322318,-0.0631371063254302,-0.0550722846426629,-0.063259501804171,0.8543506247009464,-0.522873794804934,1.14060218366945,1.211150817063782,1.62071373519364,-0.9890707100936834,-0.9890707100923614,-0.9890707100923614,0
-0.2995737116396,0.8395369217322318,-0.0669898439077935,-0.0935638431883977,-0.053203873334004,0.8543506247009464,-0.522873794804934,1.14060218366945,1.211150817063782,1.62071373519364,-0.9890707100936834,-0.9890707100923614,-0.9890707100923614,0
-0.298113381430209,0.8395369217322318,-0.0640248582084055,-0.0690210709654601,-0.0635563937708247,0.8543506247009464,-0.522873794804934,1.14060218366945,1.211150817063782,1.62071373519364,-0.9890707100936834,-0.9890707100923614,-0.9890707100923614,0
-0.2980254685087859,0.8395369217322318,-0.0800390059136276,-0.0507390186262996,-0.0700557960349629,0.8543506247009464,-0.522873794804934,1.14060218366945,1.211150817063782,1.62071373519364,-0.9890707100936834,-0.9890707100923614,-0.9890707100923614,0
-0.2987935304866662,0.8395369217322318,-0.0897888003980336,-0.0703447316640335,-0.0793804842691033,0.8543506247009464,-0.522873794804934,1.14060218366945,1.211150817063782,1.62071373519364,-0.9890707100936834,-0.9890707100923614,-0.9890707100923614,0
-0.2988098514431605,0.8395369217322318,-0.0921583328286433,-0.0726611863208135,-0.0727524254314956,0.8543506247009464,-0.522873794804934,1.14060218366945,1.211150817063782,1.62071373519364,-0.9890707100936834,-0.9890707100923614,-0.9890707100923614,0
-0.2995051030655998,0.8395369217322318,-0.0580910041121084,-0.0812521227767372,-0.0522957550132004,0.8543506247009464,-0.522873794804934,1.14060218366945,1.211150817063782,1.62071373519364,-0.9890707100936834,-0.9890707100923614,-0.9890707100923614,0
-0.2985883058330693,0.8395369217322318,-0.0608425480391427,-0.0575631168241388,-0.0746345672049705,0.8543506247009464,-0.522873794804934,1.14060218366945,1.211150817063782,1.62071373519364,-0.9890707100936834,-0.9890707100923614,-0.9890707100923614,0
-0.2983695885529864,0.8395369217322318,-0.0641957750165295,-0.0935677558743386,-0.0627544771284006,0.8543506247009464,-0.522873794804934,1.14060218366945,1.211150817063782,1.62071373519364,-0.9890707100936834,-0.9890707100923614,-0.9890707100923614,0
-0.2980717729904668,0.8395369217322318,-0.048749412585436,-0.0580209936453521,-0.0585929721854778,0.8543506247009464,-0.522873794804934,1.14060218366945,1.211150817063782,1.62071373519364,-0.9890707100936834,-0.9890707100923614,-0.9890707100923614,0
-0.2980782419603971,0.8395369217322318,-0.0583695796910292,-0.0816158830802131,-0.0750390932443567,0.8543506247009464,-0.522873794804934,1.14060218366945,1.211150817063782,1.62071373519364,-0.9890707100936834,-0.9890707100923614,-0.9890707100923614,0
-0.2987467279157736,0.8395369217322318,-0.0900391549309638,-0.0936478145857375,-0.0812058147714476,0.8543506247009464,-0.522873794804934,1.14060218366945,1.211150817063782,1.62071373519364,-0.9890707100936834,-0.9890707100923614,-0.9890707100923614,0
-0.2975672973640365,0.8395369217322318,-0.0676880982146175,-0.057836708867561,-0.0799649431489478,0.8543506247009464,-0.522873794804934,1.14060218366945,1.211150817063782,1.62071373519364,-0.9890707100936834,-0.9890707100923614,-0.9890707100923614,0
-0.2986352732526236,0.8395369217322318,-0.0489229820283537,-0.0274288922442704,-0.0695484397282523,0.8543506247009464,-0.522873794804934,1.14060218366945,1.211150817063782,1.62071373519364,-0.9890707100936834,-0.9890707100923614,-0.9890707100923614,0
-0.2981652529534773,0.8395369217322318,-0.0621776668475714,-0.0623316371974375,-0.0727989328634294,0.8543506247009464,-0.522873794804934,1.14060218366945,1.211150817063782,1.62071373519364,-0.9890707100936834,-0.9890707100923614,-0.9890707100923614,0
-0.2982043922100966,0.8395369217322318,-0.0749848377110436,-0.0842421172154724,-0.0753052806417959,0.8543506247009464,-0.522873794804934,1.14060218366945,1.211150817063782,1.62071373519364,-0.9890707100936834,-0.9890707100923614,-0.9890707100923614,0
-0.2978519346901362,0.8395369217322318,-0.0565427793190986,-0.081710535311601,-0.0572602617471622,0.8543506247009464,-0.522873794804934,1.14060218366945,1.211150817063782,1.62071373519364,-0.9890707100936834,-0.9890707100923614,-0.9890707100923614,0
-0.2980223024673663,0.8395369217322318,-0.0691285367432512,-0.0710359283274902,-0.0829307938001136,0.8543506247009464,-0.522873794804934,1.14060218366945,1.211150817063782,1.62071373519364,-0.9890707100936834,-0.9890707100923614,-0.9890707100923614,0
-0.3003345978781978,0.8395369217322318,-0.0773964612468153,-0.051893265779139,-0.0634272732648606,0.8543506247009464,-0.522873794804934,1.14060218366945,1.211150817063782,1.62071373519364,-0.9890707100936834,-0.9890707100923614,-0.9890707100923614,0
-0.2964040645911995,0.8395369217322318,-0.0837788308604275,-0.0711969085989019,-0.0691036921333732,0.8543506247009464,-0.522873794804934,1.14060218366945,1.211150817063782,1.62071373519364,-0.9890707100936834,-0.9890707100923614,-0.9890707100923614,0
-0.2992423082096652,0.8395369217322318,-0.0633986548531322,-0.0671473118514929,-0.0580188448442207,0.8543506247009464,-0.522873794804934,1.14060218366945,1.211150817063782,1.62071373519364,-0.9890707100936834,-0.9890707100923614,-0.9890707100923614,0
-0.2983231205475679,0.8395369217322318,-0.0514112638849961,-0.0175701197630925,-0.0574863244597217,0.8543326608177337,-0.522873794804934,1.14060218366945,0.96229792413532,1.62071373519364,-0.9890707100936834,-0.9890707100923614,-0.9890707100923614,0
-0.2959401179533741,0.8479106873140472,-0.05261964409682,-0.0438430174672089,-0.0641701505273762,0.8536883059633303,-0.522873794804934,1.14060218366945,0.96229792413532,1.62071373519364,-0.9890707100936834,-0.9890707100923614,-0.9890707100923614,0
-0.2900098369822462,0.8722185141339182,-0.0521794851457137,-0.0395262251681019,-0.057976552360425,0.8523831054460013,-0.522873794804934,1.14060218366945,0.96229792413532,1.62071373519364,-0.9890707100936834,-0.9890707100923614,-0.9890707100923614,0
-0.303748067704291,0.8381128284158633,-0.078332376978895,-0.089468110850949,-0.0683208837912463,0.8531081624108066,-0.522873794804934,1.14060218366945,0.96229792413532,1.62071373519364,-0.9890707100936834,-0.9890707100923614,-0.9890707100923614,0
-0.3022556722992982,0.8391250283145465,-0.0558458074021899,-0.0630741865489096,-0.0702680978385891,0.8541731218457707,-0.522873794804934,1.14060218366945,0.96229792413532,1.62071373519364,-0.9890707100936834,-0.9890707100923614,-0.9890707100923614,0
-0.302405447384927,0.8393057399722672,-0.076533823430097,-0.0937063963581646,-0.0822308964444988,0.8543113571219401,-0.522873794804934,1.14060218366945,0.96229792413532,1.62071373519364,-0.9890707100936834,-0.9890707100923614,-0.9890707100923614,0
-0.30188413474962,0.8393062031439705,-0.0535965496647774,-0.0065389925382367,-0.0598991929004391,0.8312378130495703,-0.522873794804934,-1.6764406486446934,0.96229792413532,1.62071373519364,-0.9890707100936834,-0.9890707100923614,-0.9890707100923614,0
-0.3282641112267213,0.6289398531594288,-0.0748763475111253,-0.0766495782746984,-0.0676266404322906,0.6105447031944128,-0.522873794804934,-1.6764406486446934,0.96229792413532,1.62071373519364,-0.9890707100936834,-0.9890707100923614,-0.9890707100923614,0
-0.40789732613656,0.4136418259293894,-0.0358132237664444,-0.0067485180878202,-0.0444892322480796,0.4015509419722062,-0.522873794804934,-1.6764406486446934,0.96229792413532,1.62071373519364,-0.9890707100936834,-0.9890707100923614,-0.9890707100923614,0
-0.5271211993670466,0.2083124753241682,-0.0374143465664371,-0.0554652791868629,-0.0382245697636826,0.2025301085217284,-0.522873794804934,-1.6764406486446934,0.96229792413532,1.62071373519364,-0.9890707100936834,-0.9890707100923614,-0.9890707100923614,0
-0.6691991381474593,0.0121618625382099,-0.0409914901422728,-0.0506945770310632,-0.0533723994255202,0.0125135749779337,-0.522873794804934,-1.6764406486446934,0.96229792413532,1.62071373519364,-0.9890707100936834,-0.9890707100923614,-0.9890707100923614,0
-0.8289074325819489,-0.1753347136449266,-0.0360299998290256,-0.0332131817384843,-0.0194995679895173,-0.1690918817115276,-0.522873794804934,-1.6764406486446934,0.96229792413532,1.62071373519364,-0.9890707100936834,-0.9890707100923614,-0.9890707100923614,0
-0.9791319630568298,-0.3545817342288199,-0.0254091441535779,-0.028654538065591,-0.0281507716636469,-0.3426939947033491,-0.522873794804934,-1.6764406486446934,0.96229792413532,1.62071373519364,-0.9890707100936834,-0.9890707100923614,-0.9890707100923614,0
-1.169514970792689,-0.5259455080818236,-0.0119578018420906,-0.0069192510162731,-0.0157760358755892,-0.5086398365872808,-0.522873794804934,-1.6764406486446934,0.96229792413532,1.62071373519364,-0.9890707100936834,-0.9890707100923614,-0.9890707100923614,0
-1.3215673941379578,-0.6897839103842984,-0.0217114345108374,0.0070624111235338,-0.015226587265592,-0.6672700403213591,-0.522873794804934,-1.6764406486446934,0.96229792413532,1.62071373519364,-0.9890707100936834,-0.9890707100923614,-0.9890707100923614,0
-1.5175400820485712,-0.8464473179138142,-0.0027322957232173,0.0209986244656185,-0.0373388965892792,-0.8189273371598359,-0.522873794804934,-1.6764406486446934,0.96229792413532,1.62071373519364,-0.9890707100936834,-0.9890707100923614,-0.9890707100923614,0
-1.6659168516043033,-0.9962702312782756,0.0019078844335564,-0.0250217754928815,-0.0030641675782303,-0.963946169785148,-0.522873794804934,-1.6764406486446934,0.96229792413532,1.62071373519364,-0.9890707100936834,-0.9890707100923614,-0.9890707100923614,0
-1.828509736251393,-1.1395645062389514,0.0001142126117039,-0.0126834458586994,-0.0041283751623178,-1.1026409530893686,-0.522873794804934,-1.6764406486446934,0.96229792413532,1.62071373519364,-0.9890707100936834,-0.9890707100923614,-0.9890707100923614,0
-1.969294085314736,-1.2766176038578416,0.0017497107675466,0.00435696257656,0.0037219355002296,-1.2353003173755566,-0.522873794804934,-1.6764406486446934,0.96229792413532,1.62071373519364,-0.9890707100936834,-0.9890707100923614,-0.9890707100923614,0
-2.134327243709981,-1.4076948608806643,-0.0044674394456548,0.0064774964770702,-0.0056756139742148,-1.3621877112684917,-0.522873794804934,-1.6764406486446934,0.96229792413532,1.62071373519364,-0.9890707100936834,-0.9890707100923614,-0.9890707100923614,0
-2.2632502081209944,-1.5330432621835874,0.0173779740876309,-0.0003563466472983,-0.0015929790985548,-1.4835456685092008,-0.522873794804934,-1.6764406486446934,0.96229792413532,1.62071373519364,-0.9890707100936834,-0.9890707100923614,-0.9890707100923614,0
-2.379262120744742,-1.652894443637492,0.0163814143371633,0.0457047963016382,0.0267387731019779,-1.599600697250872,-0.522873794804934,-1.6764406486446934,0.96229792413532,1.62071373519364,-0.9890707100936834,-0.9890707100923614,-0.9890707100923614,0
-2.5190682659391714,-1.7674655712234677,0.0188269806206629,0.0124482197989879,0.0235006979289242,-1.7105666677899816,-0.522873794804934,-1.6764406486446934,0.96229792413532,1.62071373519364,-0.9890707100936834,-0.9890707100923614,-0.9890707100923614,0
-2.605042035932084,-1.876957653945558,0.0399867523199042,0.0325184851034189,0.035500445513095,-1.8166457031406216,-0.522873794804934,-1.6764406486446934,0.96229792413532,1.62071373519364,-0.9890707100936834,-0.9890707100923614,-0.9890707100923614,0
-2.804648098362408,-2.08140194486552,0.0380856405493503,0.0231719979096684,0.022229282668647,-2.014879904078565,-0.522873794804934,-1.6764406486446934,0.96229792413532,1.62071373519364,-0.9890707100936834,-0.9890707100923614,-0.9890707100923614,0
-2.9047633609665,-2.17663119723288,0.0235003568198791,0.0014379866970114,0.0239703500115709,-2.1073539109179698,-0.522873794804934,-1.6764406486446934,0.96229792413532,1.62071373519364,-0.9890707100936834,-0.9890707100923614,-0.9890707100923614,0
-2.976967998263773,-2.2673224353663235,0.0542688069320691,0.0642124867834758,0.0484218380639784,-2.195566267087026,-0.522873794804934,-1.6764406486446934,0.96229792413532,1.62071373519364,-0.9890707100936834,-0.9890707100923614,-0.9890707100923614,0
-2.97202255546527,-3.1251945910596084,0.0627794632206117,0.0304655821071369,0.0736160654417847,-3.073054715989299,-0.522873794804934,-1.6764406486446934,0.96229792413532,0.0873353066200104,-0.9890707100936834,-0.9890707100923614,-0.9890707100923614,0
-2.972376292129607,-3.1253535330090525,0.0853928650384406,0.0752447479669699,0.0794378711607546,-3.0732661555077563,-0.522873794804934,-1.6764406486446934,0.96229792413532,0.0873353066200104,-0.9890707100936834,-0.9890707100923614,-0.9890707100923614,0
-2.989513918612157,-3.125452855268254,0.1124746955910867,0.0942910912156365,0.1143219251964406,-3.073399876389844,-0.522873794804934,-1.6764406486446934,0.96229792413532,0.0873353066200104,-0.9890707100936834,-0.9890707100923614,-0.9890707100923614,0
-2.9805491837130327,-3.125513640673564,0.0856661484687053,0.0850904803371496,0.061237356249178,-3.0734827155792126,-0.522873794804934,-1.6764406486446934,0.96229792413532,0.0873353066200104,-0.9890707100936834,-0.9890707100923614,-0.9890707100923614,0
-2.9868226330374545,-3.125550049280796,0.095310980379022,0.0970642323942378,0.0936206248047745,-3.073532953937528,-0.522873794804934,-1.6764406486446934,0.96229792413532,0.0873353066200104,-0.9890707100936834,-0.9890707100923614,-0.9890707100923614,0
-2.770014198882885,-3.0323257026492088,0.0932889076516882,0.0776965261296196,0.1026595139044995,-3.074916124875048,0.954062208625574,-1.6764406486446934,0.96229792413532,0.0873353066200104,-0.9890707100936834,-0.9890707100923614,-0.9890707100923614,0
-2.539789185627732,-3.1003080192767065,0.0707478424404551,0.079870549149143,0.0515599120358167,-3.078353048743051,0.954062208625574,-1.6764406486446934,0.96229792413532,0.0873353066200104,-0.9890707100936834,-0.9890707100923614,-0.9890707100923614,0
-2.421074358392276,-3.0842858046571213,0.0712389714165844,0.0428509908909526,0.0802176026884269,-3.0793406327867974,0.954062208625574,-1.6764406486446934,0.96229792413532,0.0873353066200104,-0.9890707100936834,-0.9890707100923614,-0.9890707100923614,0
-2.497733415197091,-3.102998141169762,0.0562895700181082,0.1204877769912172,0.0274695831862948,-3.0616823929621986,0.954062208625574,-1.6764406486446934,0.96229792413532,0.0873353066200104,-0.9890707100936834,-0.9890707100923614,-0.9890707100923614,0
-2.483356798792916,-3.085886506065342,0.0650315898207551,0.0566654331392995,0.0743918355157714,-3.044706439900624,0.954062208625574,-1.6764406486446934,0.96229792413532,0.0873353066200104,-0.9890707100936834,-0.9890707100923614,-0.9890707100923614,0
-2.410895244224984,-3.069381871464992,0.0919051114477715,0.0790336906600693,0.0815552358483596,-3.0288819637627373,0.954062208625574,-1.6764406486446934,0.96229792413532,0.0873353066200104,-0.9890707100936834,-0.9890707100923614,-0.9890707100923614,0
-2.3955604107206177,-3.0531089544895944,0.068133470221576,0.0372329147458506,0.0669203444046244,-3.0135392875892464,0.954062208625574,-1.6764406486446934,0.96229792413532,0.0873353066200104,-0.9890707100936834,-0.9890707100923614,-0.9890707100923614,0
-2.3788891521176847,-3.0369462354318792,0.0678862233591765,0.0464172725288904,0.0855325565218072,-2.998512822114216,0.954062208625574,-1.6764406486446934,0.96229792413532,0.0873353066200104,-0.9890707100936834,-0.9890707100923614,-0.9890707100923614,0
-2.3505218225125324,-3.020747464813223,0.064239773135644,0.0956260614502126,0.0782850436388884,-2.9836500282621943,0.954062208625574,-1.6764406486446934,0.96229792413532,0.0873353066200104,-0.9890707100936834,-0.9890707100923614,-0.9890707100923614,0
-2.3011189722997023,-3.0043312213617632,0.0683887467226623,0.1016879470469788,0.0703504903960736,-2.934034674347662,0.954062208625574,0.0163450515227703,0.96229792413532,0.0873353066200104,-0.9890707100936834,-0.9890707100923614,-0.9890707100923614,0
-2.0838498620819634,-2.651797942801012,0.054151224298247,0.021193717507264,0.0452792084868168,-2.5703077721794907,0.954062208625574,0.0163450515227703,0.96229792413532,0.0873353066200104,-0.9890707100936834,-0.9890707100923614,-0.9890707100923614,0
-1.49887249574417,-2.1908531210988405,0.0340072967356026,0.0311924806134394,0.0119594001939169,-2.124824661837522,0.954062208625574,0.0163450515227703,0.96229792413532,0.0873353066200104,-0.9890707100936834,-0.9890707100923614,-0.9890707100923614,0
-0.8643375282750578,-1.6269568249959852,-0.0509511954791421,-0.0515946305165063,-0.0331094590092252,-1.5797187369309236,0.954062208625574,0.0163450515227703,0.96229792413532,0.0873353066200104,-0.9890707100936834,-0.9890707100923614,-0.9890707100923614,0
-0.510367568762988,-0.9511119803017652,-0.0505251275367831,-0.068668557432595,-0.0264226171670349,-0.9236688284123918,0.954062208625574,0.0163450515227703,0.96229792413532,0.0873353066200104,-0.9890707100936834,-0.9890707100923614,-0.9890707100923614,0
-0.3545455725417287,-0.2489847290810615,-0.0527588446990102,-0.0723210898306171,-0.0421815539888594,-0.2345456277655667,0.954062208625574,0.0163450515227703,0.96229792413532,0.0873353066200104,-0.9890707100936834,-0.9890707100923614,-0.9890707100923614,0
-0.3128812034254362,0.2317003303718947,-0.0531852626340204,0.037061171940238,-0.0616621808834196,0.243014080101094,0.954062208625574,0.0163450515227703,0.96229792413532,0.0873353066200104,-0.9890707100936834,-0.9890707100923614,-0.9890707100923614,0
-0.3047153062498232,0.3739427221261287,-0.0383005397002982,-0.0436932747544635,-0.0434377571418645,0.3829020487036889,0.954062208625574,0.0163450515227703,0.96229792413532,0.0873353066200104,-0.9890707100936834,-0.9890707100923614,-0.9890707100923614,0
-0.3060384857986812,0.3888597881515506,-0.0502009084750504,-0.0352120324183416,-0.0316050779882379,0.3971643537386939,0.954062208625574,0.0163450515227703,0.96229792413532,0.0873353066200104,-0.9890707100936834,-0.9890707100923614,-0.9890707100923614,0
-0.3062727042231368,0.3893808817282869,-0.0454092067005513,0.0368414783646239,-0.0624975532865107,0.3976435149877794,0.954062208625574,0.0163450515227703,0.96229792413532,0.0873353066200104,-0.9890707100936834,-0.9890707100923614,-0.9890707100923614,0
-0.3055805925378838,0.3893853359606747,-0.0668676145892701,-0.0628591835941599,-0.0349824896255929,0.3976473351622624,0.954062208625574,0.0163450515227703,0.96229792413532,0.0873353066200104,-0.9890707100936834,-0.9890707100923614,-0.9890707100923614,0
-0.3067340908052032,0.3893853159858972,-0.0550376429805308,-0.0876213563779704,-0.0460769488994292,0.3976473164119241,0.954062208625574,0.0163450515227703,0.96229792413532,0.0873353066200104,-0.9890707100936834,-0.9890707100923614,-0.9890707100923614,0
-0.3080884081743816,0.3893853159830404,-0.0518309170208179,-0.0176673726478482,-0.0654959276904484,0.397647316422376,0.954062208625574,0.0163450515227703,0.96229792413532,0.0873353066200104,-0.9890707100936834,-0.9890707100923614,-0.9890707100923614,0
-0.3054565680405684,0.3893853159835952,-0.0541378841273307,-0.0269310651088268,-0.0643251387900036,0.3976473164228047,0.954062208625574,0.0163450515227703,0.96229792413532,0.0873353066200104,-0.9890707100936834,-0.9890707100923614,-0.9890707100923614,0
-0.3079063597745226,0.3893853159835952,-0.046215403681502,-0.0325532271968951,-0.0377724205082711,0.3976473164228047,0.954062208625574,0.0163450515227703,0.96229792413532,0.0873353066200104,-0.9890707100936834,-0.9890707100923614,-0.9890707100923614,0
-0.3058197190080837,0.3893853159835952,-0.0855585273021686,-0.0611917658217414,-0.0740748458529581,0.3976473164228047,0.954062208625574,0.0163450515227703,0.96229792413532,0.0873353066200104,-0.9890707100936834,-0.9890707100923614,-0.9890707100923614,0
-0.3073309643351278,0.3893853159835952,-0.0617378515559686,-0.0969477274201769,-0.0971330566181472,0.3976473164228047,0.954062208625574,0.0163450515227703,0.96229792413532,0.0873353066200104,-0.9890707100936834,-0.9890707100923614,-0.9890707100923614,0
-0.3091279224491786,0.3893853159835952,-0.0499242648988464,-0.02605690392898,-0.0541806788167777,0.3976473164228047,0.954062208625574,0.0163450515227703,0.96229792413532,0.0873353066200104,-0.9890707100936834,-0.9890707100923614,-0.9890707100923614,0
-0.3072259737901792,0.3893853159835952,-0.046141179808285,-0.0142988097645353,-0.035838703024141,0.3976473164228047,0.954062208625574,0.0163450515227703,0.96229792413532,0.0873353066200104,-0.9890707100936834,-0.9890707100923614,-0.9890707100923614,0
-0.3068910399522129,0.3893853159835952,-0.0779593749602836,-0.0700184999723381,-0.0662014891573863,0.3976473164228047,0.954062208625574,0.0163450515227703,0.96229792413532,0.0873353066200104,-0.9890707100936834,-0.9890707100923614,-0.9890707100923614,0
-0.3061450416401313,0.3893853159835952,-0.0411141581531111,-0.0534184991814413,-0.0312912330354,0.3976473164228047,0.954062208625574,0.0163450515227703,0.96229792413532,0.0873353066200104,-0.9890707100936834,-0.9890707100923614,-0.9890707100923614,0
-0.3062265547340544,0.3893853159835952,-0.0776898819481336,-0.0925607461181431,-0.0825372365343509,0.3976473164228047,0.954062208625574,0.0163450515227703,0.96229792413532,0.0873353066200104,-0.9890707100936834,-0.9890707100923614,-0.9890707100923614,0
-0.307671527372932,0.3893853159835952,-0.0637609282568297,-0.0743751985598395,-0.0879016185753589,0.3976473164228047,0.954062208625574,0.0163450515227703,0.96229792413532,0.0873353066200104,-0.9890707100936834,-0.9890707100923614,-0.9890707100923614,0
-0.3076443131317658,0.3893853159835952,-0.0553544699404853,-0.0416268808985543,-0.0452348636153647,0.3976473164228047,0.954062208625574,0.0163450515227703,0.96229792413532,0.0873353066200104,-0.9890707100936834,-0.9890707100923614,-0.9890707100923614,0
-0.3076631226333701,0.3893853159835952,-0.0467063013437651,-0.0515414788752325,-0.0716292261541996,0.3976473164228047,0.954062208625574,0.0163450515227703,0.96229792413532,0.0873353066200104,-0.9890707100936834,-0.9890707100923614,-0.9890707100923614,0
-0.3061841880932441,0.3893853159835952,-0.057388327343675,-0.0746422873668399,-0.0490609187763456,0.3976473164228047,0.954062208625574,0.0163450515227703,0.96229792413532,0.0873353066200104,-0.9890707100936834,-0.9890707100923614,-0.9890707100923614,0
-0.3063601027670312,0.3893853159835952,-0.0719746609243643,-0.0513362500704854,-0.1045137097530279,0.3976473164228047,0.954062208625574,0.0163450515227703,0.96229792413532,0.0873353066200104,-0.9890707100936834,-0.9890707100923614,-0.9890707100923614,0
-0.3078350868652181,0.3893853159835952,-0.0339298256133814,-0.0161353965189519,-0.067965623334138,0.3976473164228047,0.954062208625574,0.0163450515227703,0.96229792413532,0.0873353066200104,-0.9890707100936834,-0.9890707100923614,-0.9890707100923614,0
-0.3089136195142689,0.3893853159835952,-0.0590147442122154,-0.0726055413895733,-0.0796032458824534,0.3976473164228047,0.954062208625574,0.0163450515227703,0.96229792413532,0.0873353066200104,-0.9890707100936834,-0.9890707100923614,-0.9890707100923614,0
-0.3068587481952888,0.3893853159835952,-0.0451485675718891,-0.0736485042828325,-0.0811304011639646,0.3976473164228047,0.954062208625574,0.0163450515227703,0.96229792413532,0.0873353066200104,-0.9890707100936834,-0.9890707100923614,-0.9890707100923614,0
-0.3066024303480394,0.3893853159835952,-0.0455191967055991,-0.0418116565581534,-0.0477697636622453,0.3976473164228047,0.954062208625574,0.0163450515227703,0.96229792413532,0.0873353066200104,-0.9890707100936834,-0.9890707100923614,-0.9890707100923614,0
-0.3054377193148111,0.3893853159835952,-0.0476062873836589,-0.0452098176329516,-0.0282672397207034,0.3976473164228047,0.954062208625574,0.0163450515227703,0.96229792413532,0.0873353066200104,-0.9890707100936834,-0.9890707100923614,-0.9890707100923614,0
-0.305907777084955,0.3893853159835952,-0.0860340505023675,-0.08447017232257,-0.0794398090189321,0.3976473164228047,0.954062208625574,0.0163450515227703,0.96229792413532,0.0873353066200104,-0.9890707100936834,-0.9890707100923614,-0.9890707100923614,0
-0.3065294690342137,0.3893853159835952,-0.0391615497498239,-0.0740928901224059,-0.0203113347044465,0.3976473164228047,0.954062208625574,0.0163450515227703,0.96229792413532,0.0873353066200104,-0.9890707100936834,-0.9890707100923614,-0.9890707100923614,0
-0.3080836579147517,0.3893853159835952,-0.0625846952640346,-0.0699872422105645,-0.03548364171618,0.3976473164228047,0.954062208625574,0.0163450515227703,0.96229792413532,0.0873353066200104,-0.9890707100936834,-0.9890707100923614,-0.9890707100923614,0
-0.3066432221264755,0.3893853159835952,-0.0712273583403697,-0.0353134418778647,-0.0685098491654758,0.3976473164228047,0.954062208625574,0.0163450515227703,0.96229792413532,0.0873353066200104,-0.9890707100936834,-0.9890707100923614,-0.9890707100923614,0
-0.3072989517486887,0.3893853159835952,-0.0548040184698169,-0.0657688236597039,-0.0532995809514516,0.3976473164228047,0.954062208625574,0.0163450515227703,0.96229792413532,0.0873353066200104,-0.9890707100936834,-0.9890707100923614,-0.9890707100923614,0
-0.3069607123021918,0.3893853159835952,-0.0595667984533644,-0.0442095130368654,-0.0589001224709392,0.3976473164228047,0.954062208625574,0.0163450515227703,0.96229792413532,0.0873353066200104,-0.9890707100936834,-0.9890707100923614,-0.9890707100923614,0
-0.3077410455819668,0.3893853159835952,-0.0580933086337551,-0.0565572948086178,-0.0437663084373478,0.3976473164228047,0.954062208625574,0.0163450515227703,0.96229792413532,0.0873353066200104,-0.9890707100936834,-0.9890707100923614,-0.9890707100923614,0
-0.3065352928097578,0.3893853159835952,-0.0862631914555477,-0.1057864866064509,-0.0819198712647472,0.3976473164228047,0.954062208625574,0.0163450515227703,0.96229792413532,0.0873353066200104,-0.9890707100936834,-0.9890707100923614,-0.9890707100923614,0
-0.3077938203067988,0.3893853159835952,-0.0688978878388183,-0.0928450324036213,-0.0689959864480628,0.3976473164228047,0.954062208625574,0.0163450515227703,0.96229792413532,0.0873353066200104,-0.9890707100936834,-0.9890707100923614,-0.9890707100923614,0
-0.3081823748297293,0.3893853159835952,-0.0602539708507349,-0.0900947068789724,-0.0709760793904754,0.3976473164228047,0.954062208625574,0.0163450515227703,0.96229792413532,0.0873353066200104,-0.9890707100936834,-0.9890707100923614,-0.9890707100923614,0
-0.3057386178557706,0.3893853159835952,-0.0650180125975924,-0.0699803193409932,-0.0667341407912264,0.3976473164228047,0.954062208625574,0.0163450515227703,0.96229792413532,0.0873353066200104,-0.9890707100936834,-0.9890707100923614,-0.9890707100923614,0
-0.3047815572374739,0.3893853159835952,-0.0273646397676018,-0.0266019064956649,-0.0484724315800452,0.3976473164228047,0.954062208625574,0.0163450515227703,0.96229792413532,0.0873353066200104,-0.9890707100936834,-0.9890707100923614,-0.9890707100923614,0
-0.3060091383793023,0.3893853159835952,-0.0543531193887297,-0.0909261400393997,-0.0694874809030747,0.3976473164228047,0.954062208625574,0.0163450515227703,0.96229792413532,0.0873353066200104,-0.9890707100936834,-0.9890707100923614,-0.9890707100923614,0
-0.3070190851781861,0.3893853159835952,-0.0429437356504528,-0.0682029813765793,-0.0510999612598345,0.3973002813570569,0.954062208625574,0.0163450515227703,-0.241342042064263,0.0873353066200104,-0.9890707100936834,-0.9890707100923614,-0.9890707100923614,0
-0.3127801132049016,0.4411040981237409,-0.0514255812145889,-0.0554433421148604,-0.0530300357408136,0.3914932759419968,0.954062208625574,0.0163450515227703,-0.241342042064263,0.0873353066200104,-0.9890707100936834,-0.9890707100923614,-0.9890707100923614,0
-0.3214181426151914,0.4255684402119967,-0.031899959323129,-0.0450631735358006,-0.0400464808425249,0.3888302161404373,0.954062208625574,0.0163450515227703,-0.241342042064263,0.0873353066200104,-0.9890707100936834,-0.9890707100923614,-0.9890707100923614,0
-0.3204036385920939,0.4223478161389173,-0.0553708745217593,-0.0693768494227314,-0.0515393983548673,0.3844076186080099,0.954062208625574,0.0163450515227703,-0.241342042064263,0.0873353066200104,-0.9890707100936834,-0.9890707100923614,-0.9890707100923614,0
-0.3204888478894512,0.4255934841449592,-0.0783882462477153,-0.0368287447722409,-0.0684660980415034,0.386603053640188,0.954062208625574,0.0163450515227703,-0.241342042064263,0.0873353066200104,-0.9890707100936834,-0.9890707100923614,-0.9890707100923614,0
-0.3187824959921737,0.4294317885109196,-0.0405339867588827,-0.0470235242537926,-0.0204890406006826,0.3906448676349883,0.954062208625574,0.0163450515227703,-0.241342042064263,0.0873353066200104,-0.9890707100936834,-0.9890707100923614,-0.9890707100923614,0
-0.3195135515212326,0.431098310559126,-0.0453863852029451,-0.0506340140943919,-0.0537377368340058,0.3926017551829256,0.954062208625574,0.0163450515227703,-0.241342042064263,0.0873353066200104,-0.9890707100936834,-0.9890707100923614,-0.9890707100923614,0
-0.3215452464555678,0.4315863554601015,-0.062514393564472,-0.0794294452453403,-0.0645730708285492,0.3932634021903424,0.954062208625574,0.0163450515227703,-0.241342042064263,0.0873353066200104,-0.9890707100936834,-0.9890707100923614,-0.9890707100923614,0
-0.3232470316221563,0.4316420081301228,-0.0585534594478936,-0.0807759964600005,-0.0810985902298189,0.3933594975663613,0.954062208625574,0.0163450515227703,-0.241342042064263,0.0873353066200104,-0.9890707100936834,-0.9890707100923614,-0.9890707100923614,0
-0.3208642286436791,0.4316445134118047,-0.0557511219045368,-0.0564938522124542,-0.0494582657496789,0.3933650684047579,0.954062208625574,0.0163450515227703,-0.241342042064263,0.0873353066200104,-0.9890707100936834,-0.9890707100923614,-0.9890707100923614,0
-0.3195149462378074,0.43164456388925,-0.048355966719258,-0.014767377682585,-0.0752079198068276,0.3933652152264563,0.954062208625574,0.0163450515227703,-0.241342042064263,0.0873353066200104,-0.9890707100936834,-0.9890707100923614,-0.9890707100923614,0
-0.3195658264634933,0.4316445643804366,-0.0589984276209933,-0.0518894305723236,-0.0354495385844261,0.3933652171749038,0.954062208625574,0.0163450515227703,-0.241342042064263,0.0873353066200104,-0.9890707100936834,-0.9890707100923614,-0.9890707100923614,0
-0.3181156132401906,0.4316445643827503,-0.0549879526383021,-0.0209758399511485,-0.0582190166736937,0.3933652171887508,0.954062208625574,0.0163450515227703,-0.241342042064263,0.0873353066200104,-0.9890707100936834,-0.9890707100923614,-0.9890707100923614,0
-0.3195427722244678,0.4316445643827503,-0.0832687864062744,-0.0732882127741111,-0.0810611578445251,0.3933652171887856,0.954062208625574,0.0163450515227703,-0.241342042064263,0.0873353066200104,-0.9890707100936834,-0.9890707100923614,-0.9890707100923614,0
-0.3207530156887001,0.4316445643827503,-0.0577225961550942,-0.0719626828101332,-0.0505552089390111,0.3933652171887856,0.954062208625574,0.0163450515227703,-0.241342042064263,0.0873353066200104,-0.9890707100936834,-0.9890707100923614,-0.9890707100923614,0
-0.3196145849540619,0.4316445643827503,-0.0737718737811415,-0.0850135160960948,-0.0656347745118987,0.3933652171887856,0.954062208625574,0.0163450515227703,-0.241342042064263,0.0873353066200104,-0.9890707100936834,-0.9890707100923614,-0.9890707100923614,0
-0.3169962272854738,0.4316445643827503,-0.0587302879110918,-0.063039659646651,-0.0753200636265266,0.3933652171887856,0.954062208625574,0.0163450515227703,-0.241342042064263,0.0873353066200104,-0.9890707100936834,-0.9890707100923614,-0.9890707100923614,0
-0.3223492588098252,0.4316445643827503,-0.0725575216014585,-0.0778728391875789,-0.0646475579906387,0.3933652171887856,0.954062208625574,0.0163450515227703,-0.241342042064263,0.0873353066200104,-0.9890707100936834,-0.9890707100923614,-0.9890707100923614,0
-0.3221100141854755,0.4316445643827503,-0.0582210754730007,-0.0420015595981279,-0.0697138799081904,0.3933652171887856,0.954062208625574,0.0163450515227703,-0.241342042064263,0.0873353066200104,-0.9890707100936834,-0.9890707100923614,-0.9890707100923614,0
-0.3201455984928374,0.4316445643827503,-0.0599075821368142,-0.0451407308213916,-0.0597819009536771,0.3933652171887856,0.954062208625574,0.0163450515227703,-0.241342042064263,0.0873353066200104,-0.9890707100936834,-0.9890707100923614,-0.9890707100923614,0
-0.3187699370291652,0.4316445643827503,-0.0451214623929104,-0.031632556822783,-0.0406736632773678,0.3933652171887856,0.954062208625574,0.0163450515227703,-0.241342042064263,0.0873353066200104,-0.9890707100936834,-0.9890707100923614,-0.9890707100923614,0
-0.3215342978919122,0.4316445643827503,-0.0418548282293722,-0.0021606147310493,-0.0704379431656316,0.3933652171887856,0.954062208625574,0.0163450515227703,-0.241342042064263,0.0873353066200104,-0.9890707100936834,-0.9890707100923614,-0.9890707100923614,0
-0.3180434100683728,0.4316445643827503,-0.0613922330731193,-0.0825885956616227,-0.0739524068531226,0.3933652171887856,0.954062208625574,0.0163450515227703,-0.241342042064263,0.0873353066200104,-0.9890707100936834,-0.9890707100923614,-0.9890707100923614,0
-0.3229644760787638,0.4316445643827503,-0.0628434994925486,-0.0243264449280087,-0.0720736009515656,0.3933652171887856,0.954062208625574,0.0163450515227703,-0.241342042064263,0.0873353066200104,-0.9890707100936834,-0.9890707100923614,-0.9890707100923614,0
-0.3206933075485382,0.4316445643827503,-0.0525593247270536,-0.0719650003074002,-0.0820358351040743,0.3933652171887856,0.954062208625574,0.0163450515227703,-0.241342042064263,0.0873353066200104,-0.9890707100936834,-0.9890707100923614,-0.9890707100923614,0
-0.3201802302890503,0.4316445643827503,-0.0760209848217321,-0.051452502440318,-0.0554197783545045,0.3933652171887856,0.954062208625574,0.0163450515227703,-0.241342042064263,0.0873353066200104,-0.9890707100936834,-0.9890707100923614,-0.9890707100923614,0
-0.320991179982854,0.4316445643827503,-0.0608457965794608,-0.0568819565178582,-0.0694358774327971,0.3933652171887856,0.954062208625574,0.0163450515227703,-0.241342042064263,0.0873353066200104,-0.9890707100936834,-0.9890707100923614,-0.9890707100923614,0
-0.3177142338111876,0.4316445643827503,-0.0665488452793169,0.0003548251751568,-0.0896940166508223,0.3933652171887856,0.954062208625574,0.0163450515227703,-0.241342042064263,0.0873353066200104,-0.9890707100936834,-0.9890707100923614,-0.9890707100923614,0
-0.3186650439938048,0.4316445643827503,-0.0433249270224756,-0.0598638622179764,-0.0533979063994757,0.3933652171887856,0.954062208625574,0.0163450515227703,-0.241342042064263,0.0873353066200104,-0.9890707100936834,-0.9890707100923614,-0.9890707100923614,0
-0.3197873365048577,0.4316445643827503,-0.0552579352114465,-0.0853304891295633,-0.0679969938033809,0.3933652171887856,0.954062208625574,0.0163450515227703,-0.241342042064263,0.0873353066200104,-0.9890707100936834,-0.9890707100923614,-0.9890707100923614,0
-0.3206638735762026,0.4316445643827503,-0.0629316903009776,-0.0652277082475467,-0.0463605245563017,0.3933652171887856,0.954062208625574,0.0163450515227703,-0.241342042064263,0.0873353066200104,-0.9890707100936834,-0.9890707100923614,-0.9890707100923614,0
-0.3182520344427502,0.4316445643827503,-0.0646904916752435,-0.0601391853201605,-0.0752550986525529,0.3933652171887856,0.954062208625574,0.0163450515227703,-0.241342042064263,0.0873353066200104,-0.9890707100936834,-0.9890707100923614,-0.9890707100923614,0
-0.3205965802277634,0.4316445643827503,-0.0359211162114376,-0.0321516718442059,-0.0474630471981394,0.3933652171887856,0.954062208625574,0.0163450515227703,-0.241342042064263,0.0873353066200104,-0.9890707100936834,-0.9890707100923614,-0.9890707100923614,0
-0.3203347267215657,0.4316445643827503,-0.0688873252877313,-0.0750940613229791,-0.0513417969822147,0.3933652171887856,0.954062208625574,0.0163450515227703,-0.241342042064263,0.0873353066200104,-0.9890707100936834,-0.9890707100923614,-0.9890707100923614,0
-0.320445613649282,0.4316445643827503,-0.0916915775061442,-0.1041765365781067,-0.0736609449607101,0.3933652171887856,0.954062208625574,0.0163450515227703,-0.241342042064263,0.0873353066200104,-0.9890707100936834,-0.9890707100923614,-0.9890707100923614,0
-0.3190857796593599,0.4316445643827503,-0.0589828847827116,-0.0876089571460263,-0.0561107928866878,0.3933652171887856,0.954062208625574,0.0163450515227703,-0.241342042064263,0.0873353066200104,-0.9890707100936834,-0.9890707100923614,-0.9890707100923614,0
-0.3184043000191165,0.4316445643827503,-0.0588350478360478,-0.0741752876437472,-0.0686864904010293,0.3933652171887856,0.954062208625574,0.0163450515227703,-0.241342042064263,0.0873353066200104,-0.9890707100936834,-0.9890707100923614,-0.9890707100923614,0
-0.3190265869831418,0.4316445643827503,-0.0572834136722891,-0.054754431942574,-0.0543360838504828,0.3933652171887856,0.954062208625574,0.0163450515227703,-0.241342042064263,0.0873353066200104,-0.9890707100936834,-0.9890707100923614,-0.9890707100923614,0
-0.3381977060727159,0.3779234713076416,-0.0495602349309762,-0.0525552874528303,-0.0592905698113713,0.3955693639113719,-0.8548223044015935,0.0163450515227703,-0.241342042064263,0.0873353066200104,-0.9890707100936834,-0.9890707100923614,-0.9890707100923614,0
-0.3850622473185911,0.3711320916395776,-0.0403567689014058,-0.0653169950262286,-0.0395690775368625,0.3924278839962766,-0.8548223044015935,0.0163450515227703,-0.241342042064263,0.0873353066200104,-0.9890707100936834,-0.9890707100923614,-0.9890707100923614,0
-0.3765690099728835,0.4122712374875344,-0.037348088083708,-0.058937491842827,-0.055270938384009,0.3840815807434871,-0.8548223044015935,0.0163450515227703,-0.241342042064263,0.0873353066200104,-0.9890707100936834,-0.9890707100923614,-0.9890707100923614,0
-0.3872332054007409,0.4052089563793467,-0.0675177797932131,-0.029554116687947,-0.0501838902627803,0.3775518842828374,-0.8548223044015935,0.0163450515227703,-0.241342042064263,0.0873353066200104,-0.9890707100936834,-0.9890707100923614,-0.9890707100923614,0
-0.4087908746827963,0.35215930249248,-0.0529602639743462,-0.0440146391052409,-0.0778660767106045,0.3716080858925746,-0.8548223044015935,0.0163450515227703,-0.241342042064263,0.0873353066200104,-0.9890707100936834,-0.9890707100923614,-0.9890707100923614,0
-0.4151236828203214,0.3365043795545329,-0.0804289434899001,-0.0806581965868929,-0.0822993238615038,0.3562599706288958,-0.8548223044015935,0.0163450515227703,-0.241342042064263,0.0873353066200104,-0.9890707100936834,-0.9890707100923614,-0.9890707100923614,0
-0.4175036482663697,0.3207508061816503,-0.0506842594514791,-0.0492633933316502,-0.0637887160985072,0.3410574041159203,-0.8548223044015935,0.0163450515227703,-0.241342042064263,0.0873353066200104,-0.9890707100936834,-0.9890707100923614,-0.9890707100923614,0
-0.4225524616783055,0.3139735257882273,-0.0345155645727023,-0.0392494848768041,-0.0209445439826364,0.3346486688865516,-0.8548223044015935,0.0163450515227703,-0.241342042064263,0.0873353066200104,-0.9890707100936834,-0.9890707100923614,-0.9890707100923614,0
-0.4258701749376957,0.3127894946906267,-0.0296445937620124,-0.0509832137798225,-0.0257923509589911,0.3335483967713335,-0.8548223044015935,0.0163450515227703,-0.241342042064263,0.0873353066200104,-0.9890707100936834,-0.9890707100923614,-0.9890707100923614,0
-0.4226117190086201,0.3126948399850157,-0.0430019575842657,-0.0683467093592339,-0.0399901250589137,0.3334616617306469,-0.8548223044015935,0.0163450515227703,-0.241342042064263,0.0873353066200104,-0.9890707100936834,-0.9890707100923614,-0.9890707100923614,0
-0.415543039279261,0.3126909187075279,-0.0395384718161894,-0.0265298410517869,-0.0383396863493723,0.3334581092444821,-0.8548223044015935,0.0163450515227703,-0.241342042064263,0.0873353066200104,-0.9890707100936834,-0.9890707100923614,-0.9890707100923614,0
-0.4229486473775153,0.3126908261265851,-0.0657927891367433,-0.0953825677700949,-0.0460769244926419,0.3334580261708449,-0.8548223044015935,0.0163450515227703,-0.241342042064263,1.3325517308513986,-0.9890707100936834,-0.9890707100923614,-0.9890707100923614,0
-0.4190583577470958,0.312690824798071,-0.0617174147652347,-0.0604426042053298,-0.0798027845829149,0.333458024988759,-0.8548223044015935,0.0163450515227703,-0.241342042064263,1.3325517308513986,-0.9890707100936834,-0.9890707100923614,-0.9890707100923614,0
-0.4249444739367885,0.3126908247861009,-0.0568043025624509,-0.0881147130475797,-0.0538377620994578,0.3334580249782376,-0.8548223044015935,0.0163450515227703,-0.241342042064263,1.3325517308513986,-0.9890707100936834,-0.9890707100923614,-0.9890707100923614,0
-0.4248380581808103,0.3126908247860773,-0.0547494458599107,-0.0603153518905807,-0.0688470368036059,0.3334580249782028,-0.8548223044015935,0.0163450515227703,-0.241342042064263,1.3325517308513986,-0.9890707100936834,-0.9890707100923614,-0.9890707100923614,0
-0.5282697382655017,0.3126908247860773,-0.0321452175450464,-0.0118276817255371,-0.0640817158372558,0.3334580249782028,-0.8548223044015935,0.0163450515227703,-0.241342042064263,1.3325517308513986,-0.9890707100936834,-0.9890707100923614,-0.9890707100923614,0
-0.5263676906420679,0.3126908247860773,-0.033348698433299,-0.0172805697641387,-0.0628196300819267,0.3334580249782028,-0.8548223044015935,0.0163450515227703,-0.241342042064263,1.3325517308513986,-0.9890707100936834,-0.9890707100923614,-0.9890707100923614,0
-0.5288550738140818,0.3126908247860773,-0.0779040649626127,-0.0580327719716605,-0.0547914933501393,0.3334580249782028,-0.8548223044015935,0.0163450515227703,-0.241342042064263,1.3325517308513986,-0.9890707100936834,-0.9890707100923614,-0.9890707100923614,0
-0.5290493165792246,0.3126908247860773,-0.0453893869014751,-0.055878889290667,-0.0409695959420645,0.3334580249782028,-0.8548223044015935,0.0163450515227703,-0.241342042064263,1.3325517308513986,-0.9890707100936834,-0.9890707100923614,-0.9890707100923614,0
-0.5238462972827731,0.3126908247860773,-0.053271265391129,-0.0722317939172456,-0.0418082672643783,0.3334580249782028,-0.8548223044015935,0.0163450515227703,-0.241342042064263,1.3325517308513986,-0.9890707100936834,-0.9890707100923614,-0.9890707100923614,0
-0.5307727618144096,0.3126908247860773,-0.0483039747219763,-0.0348874992845104,-0.050905372100908,0.3334580249782028,-0.8548223044015935,0.0163450515227703,-0.241342042064263,1.3325517308513986,-0.9890707100936834,-0.9890707100923614,-0.9890707100923614,0
-0.527735235492942,0.3126908247860773,-0.0609669847185694,-0.0439344549832985,-0.0486402239531274,0.3334580249782028,-0.8548223044015935,0.0163450515227703,-0.241342042064263,1.3325517308513986,-0.9890707100936834,-0.9890707100923614,-0.9890707100923614,0
-0.5314787611976154,0.3126908247860773,-0.0404067776020809,-0.0398049333656405,-0.055483294995082,0.3334580249782028,-0.8548223044015935,0.0163450515227703,-0.241342042064263,1.3325517308513986,-0.9890707100936834,-0.9890707100923614,-0.9890707100923614,0
-0.5289773950616691,0.3126908247860773,-0.0732816050675959,-0.0651346384513496,-0.0660017417867031,0.3334580249782028,-0.8548223044015935,0.0163450515227703,-0.241342042064263,1.3325517308513986,-0.9890707100936834,-0.9890707100923614,-0.9890707100923614,0
-0.5326231063756433,0.3126908247860773,-0.0444240182171468,-0.0282663029782864,-0.0476641993621347,0.3334580249782028,-0.8548223044015935,0.0163450515227703,-0.241342042064263,1.3325517308513986,-0.9890707100936834,-0.9890707100923614,-0.9890707100923614,0
-0.5286925877355467,0.3126908247860773,-0.0607192619049858,-0.0697604707920612,-0.073224780265487,0.3334580249782028,-0.8548223044015935,0.0163450515227703,-0.241342042064263,1.3325517308513986,-0.9890707100936834,-0.9890707100923614,-0.9890707100923614,0
-0.5295712035172468,0.3126908247860773,-0.0573179319844665,-0.0299703189587501,-0.0343914789381354,0.3334580249782028,-0.8548223044015935,0.0163450515227703,-0.241342042064263,1.3325517308513986,-0.9890707100936834,-0.9890707100923614,-0.9890707100923614,0
-0.5333302386450152,0.3126908247860773,-0.0446563395640592,-0.0615568466424604,-0.0465922902998723,0.3334580249782028,-0.8548223044015935,0.0163450515227703,-0.241342042064263,1.3325517308513986,-0.9890707100936834,-0.9890707100923614,-0.9890707100923614,0
-0.5260948485795784,0.3126908247860773,-0.0812849000783818,-0.0759156567373373,-0.0626142099986915,0.3334580249782028,-0.8548223044015935,0.0163450515227703,-0.241342042064263,1.3325517308513986,-0.9890707100936834,-0.9890707100923614,-0.9890707100923614,0
-0.5269927491132939,0.3126908247860773,-0.0561748666817035,-0.0302925339961088,-0.0533643512017209,0.3334580249782028,-0.8548223044015935,0.0163450515227703,-0.241342042064263,1.3325517308513986,-0.9890707100936834,-0.9890707100923614,-0.9890707100923614,0
-0.5293166488439794,0.3126908247860773,-0.0504265659439559,-0.0611242507211962,-0.0680473969087307,0.3334580249782028,-0.8548223044015935,0.0163450515227703,-0.241342042064263,1.3325517308513986,-0.9890707100936834,-0.9890707100923614,-0.9890707100923614,0
-0.5320700402658333,0.3126908247860773,-0.057818372000528,-0.0594310870683856,-0.0547205923252495,0.3334580249782028,-0.8548223044015935,0.0163450515227703,-0.241342042064263,1.3325517308513986,-0.9890707100936834,-0.9890707100923614,-0.9890707100923614,0
-0.5311825045389211,0.3126908247860773,-0.052856618301883,-0.0510515587314664,-0.0362610875050221,0.3334580249782028,-0.8548223044015935,0.0163450515227703,-0.241342042064263,1.3325517308513986,-0.9890707100936834,-0.9890707100923614,-0.9890707100923614,0
-0.5309632769111967,0.3126908247860773,-0.0578837735937564,-0.0401163005964562,-0.0671625697249139,0.3334580249782028,-0.8548223044015935,0.0163450515227703,-0.241342042064263,1.3325517308513986,-0.9890707100936834,-0.9890707100923614,-0.9890707100923614,0
-0.5297868962508262,0.3126908247860773,-0.035851953978652,-0.0333848408396745,-0.0677561344894665,0.3334580249782028,-0.8548223044015935,0.0163450515227703,-0.241342042064263,1.3325517308513986,-0.9890707100936834,-0.9890707100923614,-0.9890707100923614,0
-0.5266860434372658,0.3126908247860773,-0.0531203258250547,-0.0544816231286207,-0.0549792449184932,0.3334580249782028,-0.8548223044015935,0.0163450515227703,-0.241342042064263,1.3325517308513986,-0.9890707100936834,-0.9890707100923614,-0.9890707100923614,0
-0.5296476195490759,0.3126908247860773,-0.0621021631920685,-0.0705511092171521,-0.0520454938067474,0.3334580249782028,-0.8548223044015935,0.0163450515227703,-0.241342042064263,1.3325517308513986,-0.9890707100936834,-0.9890707100923614,-0.9890707100923614,0
-0.5339830818915857,0.3126908247860773,-0.0556009418073524,-0.0396833143026661,-0.0458675640013803,0.3334580249782028,-0.8548223044015935,0.0163450515227703,-0.241342042064263,1.3325517308513986,-0.9890707100936834,-0.9890707100923614,-0.9890707100923614,0
-0.5322793791273249,0.3126908247860773,-0.0278374048566583,-0.0355198412378391,-0.0240342328232024,0.3334580249782028,-0.8548223044015935,0.0163450515227703,-0.241342042064263,1.3325517308513986,-0.9890707100936834,-0.9890707100923614,-0.9890707100923614,0
-0.5314471075151864,0.3126908247860773,-0.070521596325107,-0.0650335667334585,-0.0710258734498183,0.3334580249782028,-0.8548223044015935,0.0163450515227703,-0.241342042064263,1.3325517308513986,-0.9890707100936834,-0.9890707100923614,-0.9890707100923614,0
-0.5275550858882833,0.3126908247860773,-0.0585202990095382,-0.0650890722425842,-0.0523350987036575,0.3334580249782028,-0.8548223044015935,0.0163450515227703,-0.241342042064263,1.3325517308513986,-0.9890707100936834,-0.9890707100923614,-0.9890707100923614,0
-0.525916422595475,0.3126908247860773,-0.0363862013286646,-0.02570184407768,-0.0463392370774822,0.3334580249782028,-0.8548223044015935,0.0163450515227703,-0.241342042064263,1.3325517308513986,-0.9890707100936834,-0.9890707100923614,-0.9890707100923614,0
-0.5294754879171631,0.3126908247860773,-0.0474142270944991,-0.0540781219826856,-0.066681714213312,0.3334580249782028,-0.8548223044015935,0.0163450515227703,-0.241342042064263,1.3325517308513986,-0.9890707100936834,-0.9890707100923614,-0.9890707100923614,0
-0.5258329777142555,0.3126908247860773,-0.0448965868335294,-0.036877879619735,-0.0414984836910796,0.3334580249782028,-0.8548223044015935,0.0163450515227703,-0.241342042064263,1.3325517308513986,-0.9890707100936834,-0.9890707100923614,-0.9890707100923614,0
-0.5304162371751325,0.3126908247860773,-0.0633132631153979,-0.0274089517659984,-0.0573601933401829,0.3334580249782028,-0.8548223044015935,0.0163450515227703,-0.241342042064263,1.3325517308513986,-0.9890707100936834,-0.9890707100923614,-0.9890707100923614,0
-0.5273639933897564,0.3126908247860773,-0.0477609508520371,-0.0507747006105754,-0.1002924631738997,0.3334580249782028,-0.8548223044015935,0.0163450515227703,-0.241342042064263,1.3325517308513986,-0.9890707100936834,-0.9890707100923614,-0.9890707100923614,0
-0.529825179147832,0.3126908247860773,-0.064345287980072,-0.0660853381660241,-0.07283962555611,0.3334580249782028,-0.8548223044015935,0.0163450515227703,-0.241342042064263,1.3325517308513986,-0.9890707100936834,-0.9890707100923614,-0.9890707100923614,0
-0.5329189511567579,0.3126908247860773,-0.0446985263423312,-0.0563732789332519,-0.0595249289366852,0.3334580249782028,-0.8548223044015935,0.0163450515227703,-0.241342042064263,1.3325517308513986,-0.9890707100936834,-0.9890707100923614,-0.9890707100923614,0
-0.5290433167337133,0.3126908247860773,-0.0650146148167927,-0.060936110507477,-0.036464015719565,0.3334580249782028,-0.8548223044015935,0.0163450515227703,-0.241342042064263,1.3325517308513986,-0.9890707100936834,-0.9890707100923614,-0.9890707100923614,0
-0.5268216796919953,0.3126908247860773,-0.0751515691674525,-0.0329170270663247,-0.0738844448842296,0.3334580249782028,-0.8548223044015935,0.0163450515227703,-0.241342042064263,1.3325517308513986,-0.9890707100936834,-0.9890707100923614,-0.9890707100923614,0
-0.5317386841091498,0.3126908247860773,-0.0536503190882455,-0.0777465117059406,-0.0456251590856932,0.3334580249782028,-0.8548223044015935,0.0163450515227703,-0.241342042064263,1.3325517308513986,-0.9890707100936834,-0.9890707100923614,-0.9890707100923614,0
-0.5264165185628578,0.3126908247860773,-0.0529336194566723,-0.011628697062613,-0.0565247223886425,0.3334580249782028,-0.8548223044015935,0.0163450515227703,-0.241342042064263,1.3325517308513986,-0.9890707100936834,-0.9890707100923614,-0.9890707100923614,0
-0.5230276675560633,0.3126908247860773,-0.0610433556698575,-0.0493377120556614,-0.0487859835652349,0.3334580249782028,-0.8548223044015935,0.0163450515227703,-0.241342042064263,1.3325517308513986,-0.9890707100936834,-0.9890707100923614,-0.9890707100923614,0
-0.4940846470515844,0.332641155147815,-0.0495387042905363,-0.0612853933133391,-0.0499963983256928,0.3328994744220763,1.5884603889184192,0.0163450515227703,-0.241342042064263,1.3325517308513986,-0.9890707100936834,-0.9890707100923614,-0.9890707100923614,0
-0.4232846341386997,0.3410097860022084,-0.0520201065851273,-0.0558667462669724,-0.0503647550992762,0.3376404240190701,1.5884603889184192,0.0163450515227703,-0.241342042064263,1.3325517308513986,-0.9890707100936834,-0.9890707100923614,-0.9890707100923614,0
-0.3946406703109545,0.3527304081079609,-0.0466267116676685,-0.0391262200737185,-0.0427823819060798,0.3441073190020011,1.5884603889184192,0.0163450515227703,-0.241342042064263,1.3325517308513986,-0.9890707100936834,-0.9890707100923614,-0.9890707100923614,0
-0.3895466336786152,0.3598395972935517,-0.0751604199551095,-0.0562289471001243,-0.0775245142197507,0.3573666750859545,1.5884603889184192,0.0163450515227703,-0.241342042064263,1.3325517308513986,-0.9890707100936834,-0.9890707100923614,-0.9890707100923614,0
-0.3810749706142937,0.3812561524827181,-0.0437482132677749,-0.0405917388615322,-0.0390533766595358,0.3780023057870378,1.5884603889184192,0.0163450515227703,-0.241342042064263,1.3325517308513986,-0.9890707100936834,-0.9890707100923614,-0.9890707100923614,0
-0.3750713732238412,0.4033055759017992,-0.0568855008907003,-0.0467449967411972,-0.0445808560509221,0.3997299176123922,1.5884603889184192,0.0163450515227703,-0.241342042064263,1.3325517308513986,-0.9890707100936834,-0.9890707100923614,-0.9890707100923614,0
-0.3748332930664136,0.4171022602641545,-0.0532598005329805,-0.0576363275380717,-0.0679714128807526,0.4139834201184956,1.5884603889184192,0.0163450515227703,-0.241342042064263,1.3325517308513986,-0.9890707100936834,-0.9890707100923614,-0.9890707100923614,0
-0.3760957029677002,0.420657101334785,-0.0380174885400334,-0.0302410379490812,-0.0600641345168065,0.4177653657411735,1.5884603889184192,0.0163450515227703,-0.241342042064263,1.3325517308513986,-0.9890707100936834,-0.9890707100923614,-0.9890707100923614,0
-0.3760153705022604,0.4210005287515138,-0.0492405573446885,-0.0274495244076204,-0.0571504509428639,0.4181306433170632,1.5884603889184192,0.0163450515227703,-0.241342042064263,1.3325517308513986,-0.9890707100936834,-0.9890707100923614,-0.9890707100923614,0
-0.3769873560784497,0.4210137059112452,-0.063451755470942,-0.0375049387531822,-0.0561923962311467,0.4181443438754597,1.5884603889184192,0.0163450515227703,-0.241342042064263,1.3325517308513986,-0.9890707100936834,-0.9890707100923614,-0.9890707100923614,0
-0.3743922637402792,0.4210139173291571,-0.0692619966882875,-0.0599736401842284,-0.0736408922256917,0.4060905535317983,1.5884603889184192,-1.0357631041480349,-0.241342042064263,1.3325517308513986,-0.9890707100936834,-0.9890707100923614,-0.9890707100923614,0
-0.3925596733220314,0.3146732296107347,-0.0644214264111764,-0.0360283694611858,-0.0578416880626159,0.2949710379035083,1.5884603889184192,-1.0357631041480349,-0.241342042064263,1.3325517308513986,-0.9890707100936834,-0.9890707100923614,-0.9890707100923614,0
-0.4369457274752383,0.2057615025891412,-0.0347363549908844,-0.041661144959721,-0.0728570216702752,0.1896450764834423,1.5884603889184192,-1.0357631041480349,-0.241342042064263,1.3325517308513986,-0.9890707100936834,-0.9890707100923614,-0.9890707100923614,0
-0.4933165397558765,0.0998454543427069,-0.0337242528782199,-0.0149985688030715,-0.0599432437561435,0.0873245656955769,1.5884603889184192,-1.0357631041480349,-0.241342042064263,1.3325517308513986,-0.9890707100936834,-0.9890707100923614,-0.9890707100923614,0
-0.5538822676030715,-0.0033530676840795,-0.0384783543177084,-0.0314846804607315,-0.0527127643060685,-0.0123965729830881,1.5884603889184192,-1.0357631041480349,-0.241342042064263,1.3325517308513986,-0.9890707100936834,-0.9890707100923614,-0.9890707100923614,0
-0.6157086564793427,-0.1038076388291755,-0.0568754052600115,-0.0828805386436302,-0.0587203193919201,-0.1095113952043801,1.5884603889184192,-1.0357631041480349,-0.241342042064263,1.3325517308513986,-0.9890707100936834,-0.9890707100923614,-0.9890707100923614,0
-0.6702342644094252,-0.2014615970154782,-0.0343036127646855,-0.052163076092529,-0.0245256615270422,-0.2039471887674279,1.5884603889184192,-1.0357631041480349,-0.241342042064263,1.3325517308513986,-0.9890707100936834,-0.9890707100923614,-0.9890707100923614,0
-0.7181502658326585,-0.2961615218111103,-0.0391407758201275,-0.0598818608862826,-0.054309154297352,-0.2956818574757369,1.5884603889184192,-1.0357631041480349,-0.241342042064263,1.3325517308513986,-0.9890707100936834,-0.9890707100923614,-0.9890707100923614,0
-0.7554000027119587,-0.3867318229542926,-0.0383931030989818,-0.0357574492364051,-0.0398982533714764,-0.3841891103962542,1.5884603889184192,-1.0357631041480349,-0.241342042064263,1.3325517308513986,-0.9890707100936834,-0.9890707100923614,-0.9890707100923614,0
-0.7796299958816225,-0.4696278721437109,-0.0378469341330203,-0.0695233388703555,-0.0522498521055179,-0.4669516306287502,1.5884603889184192,-1.0357631041480349,-0.241342042064263,1.3325517308513986,-0.9890707100936834,-0.9890707100923614,-0.9890707100923614,0
-0.7974346103603345,-0.5391628831607779,-0.0356895016258708,-0.0117254572675009,-0.051064190454545,-0.5387791107896599,1.5884603889184192,-1.0357631041480349,-0.241342042064263,1.3325517308513986,-0.9890707100936834,-0.9890707100923614,-0.9890707100923614,0
-0.8107237420038678,-0.5904560328288851,-0.039502116985055,-0.008221453515209,-0.0251077838506808,-0.5939786654201611,1.5884603889184192,-1.0357631041480349,-0.241342042064263,1.3325517308513986,-0.9890707100936834,-0.9890707100923614,-0.9890707100923614,0
-0.8057448510568519,-0.6228039279413574,-0.0360346908327404,-0.0335789961855646,-0.03848755399153,-0.630256750964785,1.5884603889184192,-1.0357631041480349,-0.241342042064263,1.3325517308513986,-0.9890707100936834,-0.9890707100923614,-0.9890707100923614,0
-0.8166326733958431,-0.6400049487068328,-0.0363490770879798,-0.0206565659573919,-0.0665154861578955,-0.6502810021662263,1.5884603889184192,-1.0357631041480349,-0.241342042064263,1.3325517308513986,-0.9890707100936834,-0.9890707100923614,-0.9890707100923614,0
-0.8119948196390053,-0.64768940400392,-0.0523420565349831,-0.0287892347505816,-0.0626619160499925,-0.6595137242357092,1.5884603889184192,-1.0357631041480349,-0.241342042064263,1.3325517308513986,-0.9890707100936834,-0.9890707100923614,-0.9890707100923614,0
-0.8149728865079194,-0.650579133235139,-0.0405778391315683,-0.04513541137043,-0.0454002186576126,-0.6630756418109969,1.5884603889184192,-1.0357631041480349,-0.241342042064263,1.3325517308513986,-0.9890707100936834,-0.9890707100923614,-0.9890707100923614,0
-0.8169354938070095,-0.6514975773448961,-0.0340995080935818,-0.0278014696808104,-0.0433135080339903,-0.664230583467085,1.5884603889184192,-1.0357631041480349,-0.241342042064263,1.3325517308513986,-0.9890707100936834,-0.9890707100923614,-0.9890707100923614,0
-0.8158741540419954,-0.6517453023928605,-0.0251724842950095,-0.0356471804554075,-0.0306559478503204,-0.6645468005618499,1.5884603889184192,-1.0357631041480349,-0.241342042064263,1.3325517308513986,-0.9890707100936834,-0.9890707100923614,-0.9890707100923614,0
-0.8162404956030459,-0.6518021593312653,-0.0292480714428778,-0.0323080635853235,-0.0230339595097291,-0.6646201456011309,1.5884603889184192,-1.0357631041480349,-0.241342042064263,1.3325517308513986,-0.9890707100936834,-0.9890707100923614,-0.9890707100923614,0
-0.813221684309149,-0.6518132661217144,-0.0299006491141206,-0.0112824951645781,-0.0242125803273965,-0.6646345659218648,1.5884603889184192,-1.0357631041480349,-0.241342042064263,1.3325517308513986,-0.9890707100936834,-0.9890707100923614,-0.9890707100923614,0
-0.8135120375826439,-0.6518151061239805,-0.0196983097046604,0.007345663711347,-0.0467198920304558,-0.6646369607798559,1.5884603889184192,-1.0357631041480349,-0.241342042064263,1.3325517308513986,-0.9890707100936834,-0.9890707100923614,-0.9890707100923614,0
-0.8136834778150693,-0.6518153621223003,-0.0451086226261186,-0.0499567681635413,-0.045596698575284,-0.6646372933702795,1.5884603889184192,-1.0357631041480349,-0.241342042064263,1.3325517308513986,-0.9890707100936834,-0.9890707100923614,-0.9890707100923614,0
-0.8112554592997503,-0.6518153914119286,-0.02694118695304,-0.048226829217259,-0.0426992643218172,-0.6646373311450351,1.5884603889184192,-1.0357631041480349,-0.241342042064263,1.3325517308513986,-0.9890707100936834,-0.9890707100923614,-0.9890707100923614,0
-0.8143041818522694,-0.6518153940422897,-0.0184851670070822,-0.0141296303382813,-0.0276659680683092,-0.6646373344811305,1.5884603889184192,-1.0357631041480349,-0.241342042064263,1.3325517308513986,-0.9890707100936834,-0.9890707100923614,-0.9890707100923614,0
-0.8185534304044775,-0.6518153942051962,-0.0414423176659868,-0.0376037402234462,-0.0489281322485409,-0.6646373346790447,1.5884603889184192,-1.0357631041480349,-0.241342042064263,1.3325517308513986,-0.9890707100936834,-0.9890707100923614,-0.9890707100923614,0
-0.8178682322525688,-0.6518153942082419,-0.0258254009212759,-0.0153088551896134,-0.0409396478579164,-0.6646373346814549,1.5884603889184192,-1.0357631041480349,-0.241342042064263,1.3325517308513986,-0.9890707100936834,-0.9890707100923614,-0.9890707100923614,0
-0.8104845794998863,-0.6518153942075335,-0.0401122759769933,-0.0303942960601899,-0.0362172085629617,-0.6646373346804353,1.5884603889184192,-1.0357631041480349,-0.241342042064263,1.3325517308513986,-0.9890707100936834,-0.9890707100923614,-0.9890707100923614,0
-0.8105361773988803,-0.6518153942074509,-0.0481135520416297,0.0184924260826367,-0.0522862009067709,-0.6646373346803309,1.5884603889184192,-1.0357631041480349,-0.241342042064263,1.3325517308513986,-0.9890707100936834,-0.9890707100923614,-0.9890707100923614,0
-0.8081397290785102,-0.6518153942074509,-0.0244216870683228,-0.0418919859325176,-0.0546469225720461,-0.6646373346803309,1.5884603889184192,-1.0357631041480349,-0.241342042064263,1.3325517308513986,-0.9890707100936834,-0.9890707100923614,-0.9890707100923614,0
-0.8243610812223963,-0.6518153942074509,-0.019154515517253,-0.0265953199204152,-0.0560971015078951,-0.6646373346803309,1.5884603889184192,-1.0357631041480349,-0.241342042064263,1.3325517308513986,-0.9890707100936834,-0.9890707100923614,-0.9890707100923614,0
-0.8119707614630387,-0.6518153942074509,-0.0414461033148994,-0.0384248632912622,-0.0416362953005813,-0.6646373346803309,1.5884603889184192,-1.0357631041480349,-0.241342042064263,1.3325517308513986,-0.9890707100936834,-0.9890707100923614,-0.9890707100923614,0
-0.8110107385183778,-0.6518153942074509,-0.033044023963274,-0.0207026378212282,-0.0563310743468099,-0.6646373346803309,1.5884603889184192,-1.0357631041480349,-0.241342042064263,1.3325517308513986,-0.9890707100936834,-0.9890707100923614,-0.9890707100923614,0
-0.8137015744819311,-0.6518153942074509,-0.0247067788390813,-0.0309743342961881,-0.0403103694888654,-0.6646373346803309,1.5884603889184192,-1.0357631041480349,-0.241342042064263,1.3325517308513986,-0.9890707100936834,-0.9890707100923614,-0.9890707100923614,0
-0.8101658107145322,-0.6518153942074509,-0.0415008909615523,-0.0200028963585498,-0.0279039349392281,-0.6646373346803309,1.5884603889184192,-1.0357631041480349,-0.241342042064263,1.3325517308513986,-0.9890707100936834,-0.9890707100923614,-0.9890707100923614,0
-0.8193234547978231,-0.6518153942074509,-0.0345294593356798,-0.0557761874034405,-0.0295366852510389,-0.6646373346803309,1.5884603889184192,-1.0357631041480349,-0.241342042064263,1.3325517308513986,-0.9890707100936834,-0.9890707100923614,-0.9890707100923614,0
-0.815360988416284,-0.6518153942074509,-0.0128234184831404,-0.0052503045650714,-0.035101156396451,-0.6646373346803309,1.5884603889184192,-1.0357631041480349,-0.241342042064263,1.3325517308513986,-0.9890707100936834,-0.9890707100923614,-0.9890707100923614,0
-0.8076633106227282,-0.6518153942074509,-0.0112343522466474,0.0020294453620612,-0.0474898265763884,-0.6646373346803309,1.5884603889184192,-1.0357631041480349,-0.241342042064263,1.3325517308513986,-0.9890707100936834,-0.9890707100923614,-0.9890707100923614,0
-0.8229830285913713,-0.6518153942074509,-0.0566381070368421,-0.048818402486547,-0.043175324272286,-0.6646373346803309,1.5884603889184192,-1.0357631041480349,-0.241342042064263,1.3325517308513986,-0.9890707100936834,-0.9890707100923614,-0.9890707100923614,0
-0.8134241451506938,-0.6518153942074509,-0.0085306261117814,-0.021946417274786,-0.0140036536605033,-0.6646373346803309,1.5884603889184192,-1.0357631041480349,-0.241342042064263,1.3325517308513986,-0.9890707100936834,-0.9890707100923614,-0.9890707100923614,0
-0.8176778182633386,-0.6518153942074509,-0.0321362339750238,-0.0286541806179783,-0.0398590507738355,-0.6646373346803309,1.5884603889184192,-1.0357631041480349,-0.241342042064263,1.3325517308513986,-0.9890707100936834,-0.9890707100923614,-0.9890707100923614,0
-0.8168589623799523,-0.6518153942074509,-0.0368374412054462,-0.0228417194750697,-0.0582615179526122,-0.6646373346803309,1.5884603889184192,-1.0357631041480349,-0.241342042064263,1.3325517308513986,-0.9890707100936834,-0.9890707100923614,-0.9890707100923614,0
-0.8072930465904792,-0.6518153942074509,-0.0358809209641736,-0.0339374249973202,-0.0542820246566787,-0.6636282247724898,1.5884603889184192,-1.0357631041480349,1.1649081049843255,1.3325517308513986,-0.9890707100936834,-0.9890707100923614,-0.9890707100923614,0
-0.6734202837153346,-0.5626678449762478,-0.046579778654647,-0.0483024923662443,-0.0401076352428734,-0.6653609006926108,1.5884603889184192,-1.0357631041480349,1.1649081049843255,1.3325517308513986,-0.9890707100936834,-0.9890707100923614,-0.9890707100923614,0
-0.6517253006292543,-0.5518223405429401,-0.0418435149597686,-0.027766236010379,-0.0556210105473918,-0.6597628418315504,1.5884603889184192,-1.0357631041480349,1.1649081049843255,1.3325517308513986,-0.9890707100936834,-0.9890707100923614,-0.9890707100923614,0
-0.6537369356536095,-0.5548928806054234,-0.0311072998596238,-0.0552681252500818,-0.0198638136790209,-0.6650651859549653,1.5884603889184192,-1.0357631041480349,1.1649081049843255,1.3325517308513986,-0.9890707100936834,-0.9890707100923614,-0.9890707100923614,0
-0.65819282773664,-0.5571293485002956,-0.0635844266512385,-0.0116455916673398,-0.065689091171313,-0.6671185405651785,1.5884603889184192,-1.0357631041480349,1.1649081049843255,1.3325517308513986,-0.9890707100936834,-0.9890707100923614,-0.9890707100923614,0
-0.6561036219492696,-0.560112948066642,-0.0449690073157234,-0.0557604303957178,-0.0470073813611291,-0.6693731643557975,1.5884603889184192,-1.0357631041480349,1.1649081049843255,1.3325517308513986,-0.9890707100936834,-0.9890707100923614,-0.9890707100923614,0
-0.6675805039784225,-0.5634614762153677,-0.0462017582531728,-0.0285610184899961,-0.0598639775411845,-0.6723011889332283,1.5884603889184192,-1.0357631041480349,1.1649081049843255,1.3325517308513986,-0.9890707100936834,-0.9890707100923614,-0.9890707100923614,0
-0.6652784155101401,-0.5664501054106131,-0.0567255102224275,-0.0486787223329425,-0.062953565738352,-0.6754819395985471,1.5884603889184192,-1.0357631041480349,1.1649081049843255,-1.265557985532429,-0.9890707100936834,-0.9890707100923614,-0.9890707100923614,0
-0.6634822562802289,-0.5688545382734265,-0.0372259941433641,-0.0204950385704379,-0.0310529956047656,-0.6781280946367703,1.5884603889184192,-1.0357631041480349,1.1649081049843255,-1.265557985532429,-0.9890707100936834,-0.9890707100923614,-0.9890707100923614,0
-0.3210059660807901,-0.5709321249668565,-0.0575960118288685,-0.0875623257935304,-0.0391847190514081,-0.6802954039856458,1.5884603889184192,-1.0357631041480349,1.1649081049843255,-1.265557985532429,-0.9890707100936834,-0.9890707100923614,-0.9890707100923614,0
-0.3212623489670803,-0.5725845157172939,-0.0504336826858168,-0.0964475292142992,-0.0256968653499988,-0.6822239735292023,1.5884603889184192,-1.0357631041480349,1.1649081049843255,-1.265557985532429,-0.9890707100936834,-0.9890707100923614,-0.9890707100923614,0
-0.3212508699687269,-0.573552247958393,-0.0078412305422378,0.0034941868823273,-0.0327942811892517,-0.6836861225432486,1.5884603889184192,-1.0357631041480349,1.1649081049843255,-1.265557985532429,-0.9890707100936834,-0.9890707100923614,-0.9890707100923614,0
-0.320930152851874,-0.5738936606832122,-0.0004395868835547,0.0616245937422605,-0.0274482646425854,-0.6844591600674688,1.5884603889184192,-1.0357631041480349,1.1649081049843255,-1.265557985532429,-0.9890707100936834,-0.9890707100923614,-0.9890707100923614,0
-0.3213341714774926,-0.573908336415098,-0.0061139126609101,-0.0025765529308862,0.0096388009049963,-0.6846853105917596,1.5884603889184192,-1.0357631041480349,1.1649081049843255,-1.265557985532429,-0.9890707100936834,-0.9890707100923614,-0.9890707100923614,0
-0.3185836705490123,-0.5738441900422555,-0.0307659816182383,-0.0291886575025942,-0.0387918322526033,-0.6846672468690677,1.5884603889184192,-1.0357631041480349,1.1649081049843255,-1.265557985532429,-0.9890707100936834,-0.9890707100923614,-0.9890707100923614,0
-0.3199841202830881,-0.5737985019433226,-0.0655677281089011,-0.0274991151498354,-0.0989846946707048,-0.6871734285098398,1.5884603889184192,-1.1617023682438594,1.1649081049843255,-1.265557985532429,-0.9890707100936834,-0.9890707100923614,-0.9890707100923614,0
-0.3231688249180995,-0.5936798054065523,-0.0494997729092276,-0.0362462732259864,-0.0440210926476732,-0.7096803880778909,1.5884603889184192,-1.1617023682438594,1.1649081049843255,-1.265557985532429,-0.9890707100936834,-0.9890707100923614,-0.9890707100923614,0
-0.3262249373797449,-0.6143780490286432,-0.0177469032452171,-0.0525348189597346,-0.0307041040188284,-0.7294326474590668,1.5884603889184192,-1.1617023682438594,1.1649081049843255,-1.265557985532429,-0.9890707100936834,-0.9890707100923614,-0.9890707100923614,0
-0.3289168316313777,-0.6349716700895569,-0.0611572791422162,-0.0763295700513867,-0.0328912091078703,-0.7486603356982836,1.5884603889184192,-1.1617023682438594,1.1649081049843255,-1.265557985532429,-0.9890707100936834,-0.9890707100923614,-0.9890707100923614,0
-0.337836001945017,-0.6554107454252392,-0.0328984609631642,-0.0452889915165714,-0.0155950220022885,-0.7677370020337778,1.5884603889184192,-1.1617023682438594,1.1649081049843255,-1.265557985532429,-0.9890707100936834,-0.9890707100923614,-0.9890707100923614,0
-0.3409795981950064,-0.6756720912442716,-0.0401262972081541,-0.0765501798299424,-0.0153599297484929,-0.7866607570180034,1.5884603889184192,-1.1617023682438594,1.1649081049843255,-1.265557985532429,-0.9890707100936834,-0.9890707100923614,-0.9890707100923614,0
-0.3463735236625359,-0.6957125415955122,-0.0685085978517233,-0.1013986782010371,-0.0697581564343465,-0.8054273944656878,1.5884603889184192,-1.1617023682438594,1.1649081049843255,-1.265557985532429,-0.9890707100936834,-0.9890707100923614,-0.9890707100923614,0
-0.3500400464597538,-0.715449883357148,-0.0467243624341795,-0.0821611405815497,-0.0319253518499014,-0.8239835381519383,1.5884603889184192,-1.1617023682438594,1.1649081049843255,-1.265557985532429,-0.9890707100936834,-0.9890707100923614,-0.9890707100923614,0
-0.3535256345125142,-0.7347017557021474,-0.0646698297534999,-0.034131647670703,-0.0815087593624391,-0.8422666455535643,1.5884603889184192,-1.1617023682438594,1.1649081049843255,-1.265557985532429,-0.9890707100936834,-0.9890707100923614,-0.9890707100923614,0
-0.3491111414620062,-0.7530023451401455,-0.0034363437616995,-0.0459336789767522,-0.0184560987640896,-0.8601303564128097,1.5884603889184192,-1.1617023682438594,1.1649081049843255,-1.265557985532429,-0.9890707100936834,-0.9890707100923614,-0.9890707100923614,0
-0.3571545718659382,-0.7695183107757585,-0.0206297475415004,-0.0088303866134704,-0.041957310014665,-0.8771440473230159,1.5884603889184192,-1.1617023682438594,1.1649081049843255,-1.265557985532429,-0.9890707100936834,-0.9890707100923614,-0.9890707100923614,0
-0.362195806703523,-0.7832627880502173,-0.0606383066555275,-0.0951591769969607,-0.0598670910976681,-0.8925009231646872,1.5884603889184192,-1.1617023682438594,1.1649081049843255,-1.265557985532429,-0.9890707100936834,-0.9890707100923614,-0.9890707100923614,0
-0.3595711965782643,-0.7935461540276219,-0.042161182559423,-0.0793158566070535,-0.0409497543976229,-0.9052380599629988,1.5884603889184192,-1.1617023682438594,1.1649081049843255,-1.265557985532429,-0.9890707100936834,-0.9890707100923614,-0.9890707100923614,0
-0.3590273087968155,-0.8003374416494777,-0.0290504028549239,-0.0437154103516767,-0.0292313142111062,-0.9146996413329254,1.5884603889184192,-1.1617023682438594,1.1649081049843255,-1.265557985532429,-0.9890707100936834,-0.9890707100923614,-0.9890707100923614,0
-0.357181670484306,-0.8042505373790293,-0.0089233417550232,-0.0199222464559189,0.0128477926053779,-0.920887013865642,1.5884603889184192,-1.1617023682438594,1.1649081049843255,-1.265557985532429,-0.9890707100936834,-0.9890707100923614,-0.9890707100923614,0
-0.3564148813451641,-0.8062041581844537,-0.0218315569931025,-0.0644408589572144,-9.11372665492433e-05,-0.9244147867319212,1.5884603889184192,-1.1617023682438594,1.1649081049843255,-1.265557985532429,-0.9890707100936834,-0.9890707100923614,-0.9890707100923614,0
-0.3545905840244761,-0.80704546355389,-0.0545266678006032,-0.0544444140688592,-0.0286890343372491,-0.9261602954702848,1.5884603889184192,-1.1617023682438594,1.1649081049843255,-1.265557985532429,-0.9890707100936834,-0.9890707100923614,-0.9890707100923614,0
-0.3573064990748246,-0.8073566243502517,-0.0230162693327018,-0.0146152620223922,-0.0231816689918435,-0.926908172552138,1.5884603889184192,-1.1617023682438594,1.1649081049843255,-1.265557985532429,-0.9890707100936834,-0.9890707100923614,-0.9890707100923614,0
-0.3595043474378752,-0.8074548389615736,-0.0321744866549427,-0.0600740301354325,-0.0093935474686601,-0.9271851841662472,1.5884603889184192,-1.1617023682438594,1.1649081049843255,-1.265557985532429,-0.9890707100936834,-0.9890707100923614,-0.9890707100923614,0
-0.3613430054522437,-0.8074809985978103,-0.0514535189199569,-0.0572161909468553,-0.0444729379151848,-0.9272736358267064,1.5884603889184192,-1.1617023682438594,1.1649081049843255,-1.265557985532429,-0.9890707100936834,-0.9890707100923614,-0.9890707100923614,0
-0.3571882923116601,-0.8074867533883029,-0.0178828384150332,-0.0445913459740786,-0.0019767973954807,-0.9272978490913776,1.5884603889184192,-1.1617023682438594,1.1649081049843255,-1.265557985532429,-0.9890707100936834,-0.9890707100923614,-0.9890707100923614,0
-0.355225296621601,-0.8074877531143013,-0.0354297734167699,-0.0508017402616209,-0.0343061767617556,-0.927303473214752,1.5884603889184192,-1.1617023682438594,1.1649081049843255,-1.265557985532429,-0.9890707100936834,-0.9890707100923614,-0.9890707100923614,0
-0.3576099630542927,-0.8074878751527014,-0.0467800090661299,-0.0740654455563022,-0.0362992030434317,-0.9273045611542612,1.5884603889184192,-1.1617023682438594,1.1649081049843255,-1.265557985532429,-0.9890707100936834,-0.9890707100923614,-0.9890707100923614,0
-0.3559144090137571,-0.8074878809126377,-0.0428831154396938,-0.0612996794813044,-0.0290050112268105,-0.927304730510574,1.5884603889184192,-1.1617023682438594,1.1649081049843255,-1.265557985532429,-0.9890707100936834,-0.9890707100923614,-0.9890707100923614,0
-0.3596615409865458,-0.8074878794859901,-0.0419492557394635,-0.0818155631459778,-0.0374835985801234,-0.927304750332361,1.5884603889184192,-1.1617023682438594,1.1649081049843255,-1.265557985532429,-0.9890707100936834,-0.9890707100923614,-0.9890707100923614,0
-0.3557491947466261,-0.8074878791175617,-0.0027062983126907,-0.0382889595345172,0.0124635363959842,-0.927304751827367,1.5884603889184192,-1.1617023682438594,1.1649081049843255,-1.265557985532429,-0.9890707100936834,-0.9890707100923614,-0.9890707100923614,0
-0.3630435535597943,-0.8074878790938222,-0.0458073591827308,-0.0540171804109146,-0.0384751421854248,-0.9273047518802292,1.5884603889184192,-1.1617023682438594,1.1649081049843255,-1.265557985532429,-0.9890707100936834,-0.9890707100923614,-0.9890707100923614,0
-0.3569943823674802,-0.8074878790999962,-0.0280618998713998,-0.023102643113952,-0.0838142374312309,-0.9273047518905652,1.5884603889184192,-1.1617023682438594,1.1649081049843255,-1.265557985532429,-0.9890707100936834,-0.9890707100923614,-0.9890707100923614,0
-0.3575930536791057,-0.8074878791015898,-0.0388309448554482,-0.0459508146176355,-0.0390084382189124,-0.9273047518960924,1.5884603889184192,-1.1617023682438594,1.1649081049843255,-1.265557985532429,-0.9890707100936834,-0.9890707100923614,-0.9890707100923614,0
-0.3578226745059358,-0.807487879101637,-0.0644064057658701,-0.0812296618794012,-0.0467821885117128,-0.9273047518972743,1.5884603889184192,-1.1617023682438594,1.1649081049843255,-1.265557985532429,-0.9890707100936834,-0.9890707100923614,-0.9890707100923614,0
-0.3579284025437768,-0.8074878791015898,-0.0477995170516615,-0.0641563724638313,-0.0327898348887877,-0.9273047518973554,1.5884603889184192,-1.1617023682438594,1.1649081049843255,-1.265557985532429,-0.9890707100936834,-0.9890707100923614,-0.9890707100923614,0
-0.3621891021198275,-0.8074878791015898,-0.0118617031020085,-0.0371515231853767,0.0086770430691822,-0.9273047518973554,1.5884603889184192,-1.1617023682438594,1.1649081049843255,-1.265557985532429,-0.9890707100936834,-0.9890707100923614,-0.9890707100923614,0
-0.3573791258033129,-0.8074878791015898,-0.0441031388909654,-0.0833663348435157,-0.0342103985589456,-0.9273047518973554,1.5884603889184192,-1.1617023682438594,1.1649081049843255,-1.265557985532429,-0.9890707100936834,-0.9890707100923614,-0.9890707100923614,0
-0.3625950292321278,-0.8074878791015898,-0.0722322900970661,-0.1049057489445659,-0.0677272466674006,-0.9273047518973554,1.5884603889184192,-1.1617023682438594,1.1649081049843255,-1.265557985532429,-0.9890707100936834,-0.9890707100923614,-0.9890707100923614,0
-0.3552594284901736,-0.8074878791015898,-0.0434641318896364,-0.0164864447151782,-0.0196217064671136,-0.9273047518973554,1.5884603889184192,-1.1617023682438594,1.1649081049843255,-1.265557985532429,-0.9890707100936834,-0.9890707100923614,-0.9890707100923614,0
-0.3634791038997269,-0.8074878791015898,0.0080495233582437,-0.0089205540097612,-0.0053743869748029,-0.9273047518973554,1.5884603889184192,-1.1617023682438594,1.1649081049843255,-1.265557985532429,-0.9890707100936834,-0.9890707100923614,-0.9890707100923614,0
-0.3590036052567257,-0.8074878791015898,-0.0532885102756225,-0.0860904065885428,-0.0250364311809637,-0.9273047518973554,1.5884603889184192,-1.1617023682438594,1.1649081049843255,-1.265557985532429,-0.9890707100936834,-0.9890707100923614,-0.9890707100923614,0
-0.3574573938837064,-0.8074878791015898,-0.0393007707214614,-0.058320067157422,-0.0246294127158856,-0.9273047518973554,1.5884603889184192,-1.1617023682438594,1.1649081049843255,-1.265557985532429,-0.9890707100936834,-0.9890707100923614,-0.9890707100923614,0
-0.3566289874532095,-0.8074878791015898,-0.0535567693899507,-0.001227561740187,-0.0647150141204155,-0.9273047518973554,1.5884603889184192,-1.1617023682438594,1.1649081049843255,-1.265557985532429,-0.9890707100936834,-0.9890707100923614,-0.9890707100923614,0
-0.3551818957082229,-0.8074878791015898,-0.0290544576081977,0.0365232820039667,0.0009101885377843,-0.9273047518973554,1.5884603889184192,-1.1617023682438594,1.1649081049843255,-1.265557985532429,-0.9890707100936834,-0.9890707100923614,-0.9890707100923614,0
-0.357417910228312,-0.8074878791015898,-0.0560701291002235,-0.0713450414436573,-0.0453586793296171,-0.9273047518973554,1.5884603889184192,-1.1617023682438594,1.1649081049843255,-1.265557985532429,-0.9890707100936834,-0.9890707100923614,-0.9890707100923614,0
-0.3585682490047523,-0.8074878791015898,-0.0185211673646032,0.0838689606317836,-0.0151714472010915,-0.9273047518973554,1.5884603889184192,-1.1617023682438594,1.1649081049843255,-1.265557985532429,-0.9890707100936834,-0.9890707100923614,-0.9890707100923614,0
-0.355874224875442,-0.8074878791015898,-0.0447457896114046,-0.0473020068992417,-0.0375169975016816,-0.9273047518973554,1.5884603889184192,-1.1617023682438594,1.1649081049843255,-1.265557985532429,-0.9890707100936834,-0.9890707100923614,-0.9890707100923614,0
-0.3554565021123101,-0.8074878791015898,-0.0147714374694798,-0.0560392013969062,0.015638420322829,-0.9273047518973554,1.5884603889184192,-1.1617023682438594,1.1649081049843255,-1.265557985532429,-0.9890707100936834,-0.9890707100923614,-0.9890707100923614,0
-0.3573618367271151,-0.8074878791015898,-0.0359610229402989,-0.0567401750732281,-0.0190382347622564,-0.9273047518973554,1.5884603889184192,-1.1617023682438594,1.1649081049843255,-1.265557985532429,-0.9890707100936834,-0.9890707100923614,-0.9890707100923614,0
-0.3617957479068365,-0.8074878791015898,-0.0223107644055122,-0.0426250878477416,-0.0273011820210023,-0.9273047518973554,1.5884603889184192,-1.1617023682438594,1.1649081049843255,-1.265557985532429,-0.9890707100936834,-0.9890707100923614,-0.9890707100923614,0
-0.3591471876417561,-0.8074878791015898,0.0149880998431062,0.0644699427683319,-0.0012482343301335,-0.9273047518973554,1.5884603889184192,-1.1617023682438594,1.1649081049843255,-1.265557985532429,-0.9890707100936834,-0.9890707100923614,-0.9890707100923614,0
-0.3559620539838993,-0.8074878791015898,-0.0427024923896657,-0.0241659989329814,-0.067930083305407,-0.9273047518973554,1.5884603889184192,-1.1617023682438594,1.1649081049843255,-1.265557985532429,-0.9890707100936834,-0.9890707100923614,-0.9890707100923614,0
-0.3603928904092263,-0.8074878791015898,-0.0180695906583219,-0.0225671773652861,-0.0418643380703768,-0.9273047518973554,1.5884603889184192,-1.1617023682438594,1.1649081049843255,-1.265557985532429,-0.9890707100936834,-0.9890707100923614,-0.9890707100923614,0
-0.3558659418738323,-0.8074878791015898,-0.0225338860177572,-0.0273838749070083,-0.032681059619857,-0.9273047518973554,1.5884603889184192,-1.1617023682438594,1.1649081049843255,-1.265557985532429,-0.9890707100936834,-0.9890707100923614,-0.9890707100923614,0
-0.3578162784785895,-0.8074878791015898,-0.0037491703702926,-0.0416658566608315,-0.0414321240971621,-0.9273047518973554,1.5884603889184192,-1.1617023682438594,1.1649081049843255,-1.265557985532429,-0.9890707100936834,-0.9890707100923614,-0.9890707100923614,0
-0.3572708283117984,-0.8074878791015898,-0.0205022902065467,-0.0477105258651868,-0.0226759215695161,-0.9273047518973554,1.5884603889184192,-1.1617023682438594,1.1649081049843255,-1.265557985532429,-0.9890707100936834,-0.9890707100923614,-0.9890707100923614,0
-0.3602065212325314,-0.8074878791015898,-0.0082983047677288,-0.0142924576014627,-0.0371235911744653,-0.9273047518973554,1.5884603889184192,-1.1617023682438594,1.1649081049843255,-1.265557985532429,-0.9890707100936834,-0.9890707100923614,-0.9890707100923614,0
-0.3590136790025371,-0.8074878791015898,-0.0577515584992025,-0.0744417071801506,-0.0421959286142437,-0.9273047518973554,1.5884603889184192,-1.1617023682438594,1.1649081049843255,-1.265557985532429,-0.9890707100936834,-0.9890707100923614,-0.9890707100923614,0
-0.3588519808451474,-0.8074878791015898,-0.022166580830229,-0.0149655657937809,-0.0336306312899018,-0.9273047518973554,1.5884603889184192,-1.1617023682438594,1.1649081049843255,-1.265557985532429,-0.9890707100936834,-0.9890707100923614,-0.9890707100923614,0
-0.360111060552472,-0.8074878791015898,-0.0277300290419135,-0.0492177519628095,-0.0221031702323326,-0.9273047518973554,1.5884603889184192,-1.1617023682438594,1.1649081049843255,-1.265557985532429,-0.9890707100936834,-0.9890707100923614,-0.9890707100923614,0
-0.357362802208671,-0.8074878791015898,-0.0382078382563515,-0.0589757800468114,-0.0295144650179728,-0.9273047518973554,1.5884603889184192,-1.1617023682438594,1.1649081049843255,-1.265557985532429,-0.9890707100936834,-0.9890707100923614,-0.9890707100923614,0
-0.3552893022176214,-0.8074878791015898,-0.0270474328284243,-0.0556122681805128,-0.0408607892716649,-0.9273047518973554,1.5884603889184192,-1.1617023682438594,1.1649081049843255,-1.265557985532429,-0.9890707100936834,-0.9890707100923614,-0.9890707100923614,0
-0.3533743617802341,-0.8074878791015898,-0.0498729705498669,-0.0331401713540258,-0.0396725240862396,-0.9273047518973554,0.2681948632635053,-1.1617023682438594,1.1649081049843255,-1.265557985532429,-0.9890707100936834,-0.9890707100923614,-0.9890707100923614,0
-0.4038669340007922,-0.8448860959537459,0.0106283973889425,-0.0251455866295805,0.0230615167622794,-0.9205024221686784,0.2681948632635053,-1.1617023682438594,1.1649081049843255,-1.265557985532429,-0.9890707100936834,-0.9890707100923614,-0.9890707100923614,0
-0.4330975770203576,-0.9296300934160856,0.0263067640700592,0.0135476141673092,0.0110071601906098,-0.9275667036727836,0.2681948632635053,-1.1617023682438594,1.1649081049843255,-1.265557985532429,-0.9890707100936834,-0.9890707100923614,-0.9890707100923614,0
-0.4206923778478792,-0.8604579321960719,-0.0234607117468558,0.0223196462966832,-0.0022253278704932,-0.940194167675235,0.2681948632635053,-1.1617023682438594,1.1649081049843255,-1.265557985532429,-0.9890707100936834,-0.9890707100923614,-0.9890707100923614,0
-0.4240285000892476,-0.8733790097940287,-0.0196185424481647,-0.0627910283209333,-0.0095663974005709,-0.9530742353302752,0.2681948632635053,-1.1617023682438594,1.1649081049843255,-1.265557985532429,-0.9890707100936834,-0.9890707100923614,-0.9890707100923614,0
-0.432162310923231,-0.8869712204776483,-0.0169797261128408,-0.0096621504341512,-0.0292877618241842,-0.9654990833810876,0.2681948632635053,-1.1617023682438594,1.1649081049843255,-1.265557985532429,-0.9890707100936834,-0.9890707100923614,-0.9890707100923614,0
-0.4294090734995512,-0.9006484442881592,-0.0189118687175581,-0.0499051337474587,-0.0782853731701912,-0.978212030910397,0.2681948632635053,-1.1617023682438594,1.1649081049843255,-1.265557985532429,-0.9890707100936834,-0.9890707100923614,-0.9890707100923614,0
-0.4298155254635896,-0.9144232904368066,-0.0178167942304645,-0.0223655392079758,-0.0332771213568809,-0.99094387159147,0.2681948632635053,-1.1617023682438594,1.1649081049843255,-1.265557985532429,-0.9890707100936834,-0.9890707100923614,-0.9890707100923614,0
-0.4403888270620976,-0.9281968192951424,-0.0525824759183808,-0.0751748400541287,-0.0300858510140897,-1.0038889620678646,0.2681948632635053,-1.1617023682438594,1.1649081049843255,-1.265557985532429,-0.9890707100936834,-0.9890707100923614,-0.9890707100923614,0
-0.4397070088015281,-0.9412794264794462,0.0453833735491248,0.0014542061861364,0.052751680883175,-1.016700979767293,0.2681948632635053,-1.1617023682438594,1.1649081049843255,-1.265557985532429,-0.9890707100936834,-0.9890707100923614,-0.9890707100923614,0
-0.4407062868493803,-0.9531587366152108,0.0246732656519308,-0.0228436331064236,0.0291463734959224,-1.0287129989775474,0.2681948632635053,-1.1617023682438594,1.1649081049843255,-1.265557985532429,-0.9890707100936834,-0.9890707100923614,-0.9890707100923614,0
-0.4412286651052428,-0.963674948530618,-0.0401689340609013,-0.0273499672873679,-0.0074797404515559,-1.0395816643342628,0.2681948632635053,-1.1617023682438594,1.1649081049843255,-1.265557985532429,-0.9890707100936834,-0.9890707100923614,-0.9890707100923614,0
-0.436625600070876,-0.9726372881618994,-0.0104470423523265,-0.0139851626172659,-0.0218484635445837,-1.049182142854485,0.2681948632635053,-1.1617023682438594,1.1649081049843255,-1.265557985532429,-0.9890707100936834,-0.9890707100923614,-0.9890707100923614,0
-0.4446929296091088,-0.9797326268550614,-0.008298766463837,-0.0436536384516877,0.0081114373209834,-1.0572758615786626,0.2681948632635053,-1.1617023682438594,1.1649081049843255,-1.265557985532429,-0.9890707100936834,-0.9890707100923614,-0.9890707100923614,0
-0.4476657953868345,-0.9847920923222662,-0.0161570931859119,-0.0506919349580672,0.0109500365586932,-1.063559661095678,0.2681948632635053,-1.1617023682438594,1.1649081049843255,-1.265557985532429,-0.9890707100936834,-0.9890707100923614,-0.9890707100923614,0
-0.4424776355539234,-0.9879889961252536,-0.0003238517185658,-0.0491019467598889,0.019416079504034,-1.0679381517778963,0.2681948632635053,-1.1617023682438594,1.1649081049843255,-1.265557985532429,-0.9890707100936834,-0.9890707100923614,-0.9890707100923614,0
-0.4442927796784536,-0.98976965113176,-0.0480714427130146,-0.0560350600655782,-0.0420242434105012,-1.0706442731726986,0.2681948632635053,-1.1617023682438594,1.1649081049843255,-1.265557985532429,-0.9890707100936834,-0.9890707100923614,-0.9890707100923614,0
-0.4502913191888955,-0.99064457563523,-0.0167208713717701,-0.0618321589895224,0.0092700287780394,-1.072124189005866,0.2681948632635053,-1.1617023682438594,1.1649081049843255,-1.265557985532429,-0.9890707100936834,-0.9890707100923614,-0.9890707100923614,0
-0.4492645252238982,-0.9910250696868368,-0.0705809591664444,-0.101195462940601,-0.0376407231813482,-1.0728419677002554,0.2681948632635053,-1.1617023682438594,1.1649081049843255,-1.265557985532429,-0.9890707100936834,-0.9890707100923614,-0.9890707100923614,0
-0.4503130236923769,-0.991172138538808,-0.0157309902860863,-0.0524461943312006,0.0186090767037678,-1.073152039429009,0.2681948632635053,-1.1617023682438594,1.1649081049843255,-1.265557985532429,-0.9890707100936834,-0.9890707100923614,-0.9890707100923614,0
-0.4450301969225285,-0.9912228707658948,-0.0414905615248142,-0.0130764402214317,-0.0153448357387708,-1.0732719231812342,0.2681948632635053,-1.1617023682438594,1.1649081049843255,-1.265557985532429,-0.9890707100936834,-0.9890707100923614,-0.9890707100923614,0
-0.44508661060632,-0.9912385470482036,0.0113510717016673,0.0096311766648411,0.0089285001180071,-1.0733136071657894,0.2681948632635053,-1.1617023682438594,1.1649081049843255,-1.265557985532429,-0.9890707100936834,-0.9890707100923614,-0.9890707100923614,0
-0.4449698890526243,-0.9912428996505128,-0.0222537004080996,-0.0346961628122484,0.0034353950417231,-1.0143699138858735,0.2681948632635053,1.625498465933247,1.1649081049843255,-1.265557985532429,-0.9890707100936834,-0.9890707100923614,-0.9890707100923614,0
-0.3867788505129648,-0.4901842705417012,-0.0543260243996675,-0.102775211135117,-0.0278584174885196,-0.4922371397318485,0.2681948632635053,1.625498465933247,1.1649081049843255,-1.265557985532429,-0.9890707100936834,-0.9890707100923614,-0.9890707100923614,0
-0.2644017653373386,0.1260144008407484,-0.0566855484033401,-0.1023390916594851,-0.0535778574245788,0.1019949672476333,0.2681948632635053,1.625498465933247,1.1649081049843255,-1.265557985532429,-0.9890707100936834,-0.9890707100923614,-0.9890707100923614,0
-0.1929119570064968,0.8224845754101079,-0.0435732755722953,-0.044287170351222,-0.0485694826911907,0.7772546907593414,0.2681948632635053,1.625498465933247,1.1649081049843255,-1.265557985532429,-0.9890707100936834,-0.9890707100923614,-0.9890707100923614,0
-0.190573350572252,1.011816413791478,-0.1071229772692214,-0.1437772437248788,-0.068193969179044,0.9946479718645176,0.2681948632635053,1.625498465933247,1.1649081049843255,-1.265557985532429,-0.9890707100936834,-0.9890707100923614,-0.9890707100923614,0
-0.1906124929886464,1.0117984640312203,-0.0882751635538287,-0.1223862362586736,-0.0623254981101885,0.9946331112479004,0.2681948632635053,1.625498465933247,1.1649081049843255,-1.265557985532429,-0.9890707100936834,-0.9890707100923614,-0.9890707100923614,0
-0.1908515941973955,1.0117984638452826,-0.0721339166836594,-0.0322373722998786,-0.0527661519403753,0.9946331109809132,0.2681948632635053,1.625498465933247,1.1649081049843255,-1.265557985532429,-0.9890707100936834,-0.9890707100923614,-0.9890707100923614,0
-0.1909188846165506,1.0117984638452826,-0.0884146041529772,-0.1249762692950257,-0.0568522111084265,0.9946331109809132,0.2681948632635053,1.625498465933247,1.1649081049843255,0.4242460449119447,-0.9890707100936834,-0.9890707100923614,-0.9890707100923614,0
-0.1908734691928285,1.0117984638452826,-0.1086649999527312,-0.1432116974260693,-0.0816761282958723,0.9946331109809132,0.2681948632635053,1.625498465933247,1.1649081049843255,0.4242460449119447,-0.9890707100936834,-0.9890707100923614,-0.9890707100923614,0
-0.1908641070419553,1.0117984638452826,-0.1128519392093694,-0.1257390565082532,-0.080024986304128,0.9946331109809132,0.2681948632635053,1.625498465933247,1.1649081049843255,0.4242460449119447,-0.9890707100936834,-0.9890707100923614,-0.9890707100923614,0
-0.2249219087333434,1.0117984638452826,-0.0767699939504361,-0.0888501806252475,-0.0557776388227912,0.9946331109809132,0.2681948632635053,1.625498465933247,1.1649081049843255,0.4242460449119447,-0.9890707100936834,-0.9890707100923614,-0.9890707100923614,0
-0.2247173808454834,1.0117984638452826,-0.0791685695770942,-0.0627828114378654,-0.0949355720546704,0.9946331109809132,0.2681948632635053,1.625498465933247,1.1649081049843255,0.4242460449119447,-0.9890707100936834,-0.9890707100923614,-0.9890707100923614,0
-0.225061638748227,1.0117984638452826,-0.0580669466594159,-0.0362298948247994,-0.0722087120070951,0.9946331109809132,0.2681948632635053,1.625498465933247,1.1649081049843255,0.4242460449119447,-0.9890707100936834,-0.9890707100923614,-0.9890707100923614,0
-0.2246684049653904,1.0117984638452826,-0.0674676285371875,-0.0757903287077317,-0.0728667383688833,0.9946331109809132,0.2681948632635053,1.625498465933247,1.1649081049843255,0.4242460449119447,-0.9890707100936834,-0.9890707100923614,-0.9890707100923614,0
-0.224108663841945,1.0117984638452826,0.0031179553442007,0.0057569797305154,-0.0614167487206238,0.9946331109809132,0.2681948632635053,1.625498465933247,1.1649081049843255,0.4242460449119447,-0.9890707100936834,-0.9890707100923614,-0.9890707100923614,0
-0.2249087330851893,1.0117984638452826,-0.0809189475325588,-0.1107293653639176,-0.0794883069287264,0.9946331109809132,0.2681948632635053,1.625498465933247,1.1649081049843255,0.4242460449119447,-0.9890707100936834,-0.9890707100923614,-0.9890707100923614,0
-0.2239346673035376,1.0117984638452826,-0.0503615630569578,-0.0645639834186602,-0.0341049264419093,0.9946331109809132,0.2681948632635053,1.625498465933247,1.1649081049843255,0.4242460449119447,-0.9890707100936834,-0.9890707100923614,-0.9890707100923614,0
-0.2252664599170056,1.0117984638452826,-0.0732970589264784,-0.0848875674632259,-0.0571675148416911,0.9946331109809132,0.2681948632635053,1.625498465933247,1.1649081049843255,0.4242460449119447,-0.9890707100936834,-0.9890707100923614,-0.9890707100923614,0
-0.2243815523530807,1.0117984638452826,-0.0634745752908872,-0.0394715871278908,-0.0575907302583166,0.9946331109809132,0.2681948632635053,1.625498465933247,1.1649081049843255,0.4242460449119447,-0.9890707100936834,-0.9890707100923614,-0.9890707100923614,0
-0.225220151141981,1.0117984638452826,-0.0592708887722074,-0.0575787081510596,-0.0537340552366227,0.9946331109809132,0.2681948632635053,1.625498465933247,1.1649081049843255,0.4242460449119447,-0.9890707100936834,-0.9890707100923614,-0.9890707100923614,0
-0.2248675981224232,1.0117984638452826,-0.0657199602387772,-0.0736850731966489,-0.0589161740695015,0.9946331109809132,0.2681948632635053,1.625498465933247,1.1649081049843255,0.4242460449119447,-0.9890707100936834,-0.9890707100923614,-0.9890707100923614,0
-0.2246575844361378,1.0117984638452826,-0.0701024768533015,-0.0605751958173502,-0.0681758838452196,0.9946331109809132,0.2681948632635053,1.625498465933247,1.1649081049843255,0.4242460449119447,-0.9890707100936834,-0.9890707100923614,-0.9890707100923614,0
-0.2249916471269295,1.0117984638452826,-0.0677737645295063,-0.0371326678814192,-0.0459236083679109,0.9946331109809132,0.2681948632635053,1.625498465933247,1.1649081049843255,0.4242460449119447,-0.9890707100936834,-0.9890707100923614,-0.9890707100923614,0
-0.2254064516203685,1.0117984638452826,-0.0841759102458652,-0.1069708369504356,-0.0776871871125031,0.9946331109809132,0.2681948632635053,1.625498465933247,1.1649081049843255,0.4242460449119447,-0.9890707100936834,-0.9890707100923614,-0.9890707100923614,0
-0.2249427805731229,1.0117984638452826,-0.0805375177522079,-0.0953822436009512,-0.0781462460043272,0.9946331109809132,0.2681948632635053,1.625498465933247,1.1649081049843255,0.4242460449119447,-0.9890707100936834,-0.9890707100923614,-0.9890707100923614,0
-0.2248495715645392,1.0117984638452826,-0.0485752404842806,-0.0586424507031413,-0.0704123139918114,0.9946331109809132,0.2681948632635053,1.625498465933247,1.1649081049843255,0.4242460449119447,-0.9890707100936834,-0.9890707100923614,-0.9890707100923614,0
-0.2235906144833161,1.0117984638452826,-0.0606408209850402,-0.0557660443752767,-0.0681693820837523,0.9946331109809132,0.2681948632635053,1.625498465933247,1.1649081049843255,0.4242460449119447,-0.9890707100936834,-0.9890707100923614,-0.9890707100923614,0
-0.224944965893232,1.0117984638452826,-0.0643606772240212,-0.0863810865392944,-0.0846138337069493,0.9946331109809132,0.2681948632635053,1.625498465933247,1.1649081049843255,0.4242460449119447,-0.9890707100936834,-0.9890707100923614,-0.9890707100923614,0
-0.2249937292944409,1.0117984638452826,-0.0769290572119066,-0.0596116384833216,-0.084073848823772,0.9946331109809132,0.2681948632635053,1.625498465933247,1.1649081049843255,0.4242460449119447,-0.9890707100936834,-0.9890707100923614,-0.9890707100923614,0
-0.2241170884240635,1.0117984638452826,-0.0418381754267479,-0.0606999347160512,-0.0385842141149163,0.9946331109809132,0.2681948632635053,1.625498465933247,1.1649081049843255,0.4242460449119447,-0.9890707100936834,-0.9890707100923614,-0.9890707100923614,0
-0.2243909869942568,1.0117984638452826,-0.0522510805180863,-0.0401284003788286,-0.0424182724919331,0.9946331109809132,0.2681948632635053,1.625498465933247,1.1649081049843255,0.4242460449119447,-0.9890707100936834,-0.9890707100923614,-0.9890707100923614,0
-0.2245986143106008,1.0117984638452826,-0.0707818432041857,-0.1037261954492887,-0.0544074977800959,0.9946331109809132,0.2681948632635053,1.625498465933247,1.1649081049843255,0.4242460449119447,-0.9890707100936834,-0.9890707100923614,-0.9890707100923614,0
-0.2248187637624477,1.0117984638452826,-0.0603229254786193,-0.0826483812774951,-0.067353800356661,0.9946331109809132,0.2681948632635053,1.625498465933247,1.1649081049843255,0.4242460449119447,-0.9890707100936834,-0.9890707100923614,-0.9890707100923614,0
-0.2247833326272743,1.0117984638452826,-0.0438091004123666,-0.0307905803641028,-0.0415143723817551,0.9946331109809132,0.2681948632635053,1.625498465933247,1.1649081049843255,0.4242460449119447,-0.9890707100936834,-0.9890707100923614,-0.9890707100923614,0
-0.2253137600455855,1.0117984638452826,-0.0662206091957275,-0.0441858474631936,-0.0599940612653418,0.9946331109809132,0.2681948632635053,1.625498465933247,1.1649081049843255,0.4242460449119447,-0.9890707100936834,-0.9890707100923614,-0.9890707100923614,0
-0.2245517722151352,1.0117984638452826,-0.0934380595005417,-0.0898232445885049,-0.0925335287693134,0.9946331109809132,0.2681948632635053,1.625498465933247,1.1649081049843255,0.4242460449119447,-0.9890707100936834,-0.9890707100923614,-0.9890707100923614,0
-0.2253588051237521,1.0117984638452826,-0.0735797036735979,-0.0686135491979353,-0.0741943268471779,0.9946331109809132,0.2681948632635053,1.625498465933247,1.1649081049843255,0.4242460449119447,-0.9890707100936834,-0.9890707100923614,-0.9890707100923614,0
-0.2250407034795337,1.0117984638452826,-0.0700095807144356,-0.0692580548003904,-0.075615774252652,0.9946331109809132,0.2681948632635053,1.625498465933247,1.1649081049843255,0.4242460449119447,-0.9890707100936834,-0.9890707100923614,-0.9890707100923614,0
-0.2248317824031868,1.0117984638452826,-0.0332235145703194,-0.0490887058243498,-0.0539318408399752,0.9946331109809132,0.2681948632635053,1.625498465933247,1.1649081049843255,0.4242460449119447,-0.9890707100936834,-0.9890707100923614,-0.9890707100923614,0
-0.2256647250885423,1.0117984638452826,-0.0939846609942493,-0.0879459863404715,-0.0887513331816969,0.9946331109809132,0.2681948632635053,1.625498465933247,1.1649081049843255,0.4242460449119447,-0.9890707100936834,-0.9890707100923614,-0.9890707100923614,0
-0.2248862830715836,1.0117984638452826,-0.0250285986818581,-0.0008588136057806,-0.0550333820477677,0.9946331109809132,0.2681948632635053,1.625498465933247,1.1649081049843255,0.4242460449119447,-0.9890707100936834,-0.9890707100923614,-0.9890707100923614,0
-0.2244095506821374,1.0117984638452826,-0.0565464453090605,-0.0540146854629222,-0.0531454661828295,0.9946331109809132,0.2681948632635053,1.625498465933247,1.1649081049843255,0.4242460449119447,-0.9890707100936834,-0.9890707100923614,-0.9890707100923614,0
-0.2243369690989554,1.0117984638452826,-0.0621878397301379,-0.040137993319574,-0.0924543683500519,0.9946331109809132,0.2681948632635053,1.625498465933247,1.1649081049843255,0.4242460449119447,-0.9890707100936834,-0.9890707100923614,-0.9890707100923614,0
-0.2252102407190973,1.0117984638452826,-0.0793688553435623,-0.0890899322613782,-0.0792179164186409,0.9946331109809132,0.2681948632635053,1.625498465933247,1.1649081049843255,0.4242460449119447,-0.9890707100936834,-0.9890707100923614,-0.9890707100923614,0
-0.2253825926165606,1.0117984638452826,-0.0706968517266929,-0.0857359751541076,-0.0710365161653588,0.9946331109809132,0.2681948632635053,1.625498465933247,1.1649081049843255,0.4242460449119447,-0.9890707100936834,-0.9890707100923614,-0.9890707100923614,0
-0.2244999151001238,1.0117984638452826,-0.0519471093941794,-0.0772327573067247,-0.0746211230811749,0.9946331109809132,0.2681948632635053,1.625498465933247,-0.1226424686762862,0.4242460449119447,-0.9890707100936834,-0.9890707100923614,-0.9890707100923614,0
-0.2341375093624877,1.0079480608303013,-0.0928110253897852,-0.0856834862088621,-0.0843628645402113,0.9934322784918804,0.2681948632635053,1.625498465933247,-0.1226424686762862,0.4242460449119447,-0.9890707100936834,-0.9890707100923614,-0.9890707100923614,0
-0.2382141833484573,1.0030877700002805,-0.0411442535346685,-0.0604878184079303,-0.0602332756684975,0.9917943332154656,0.2681948632635053,1.625498465933247,-0.1226424686762862,0.4242460449119447,-0.9890707100936834,-0.9890707100923614,-0.9890707100923614,0
-0.2426357762354374,0.9810181666356014,-0.0768824483243099,-0.0933908467020303,-0.0760556842014083,0.9897884407784268,0.2681948632635053,1.625498465933247,-0.1226424686762862,0.4242460449119447,-0.9890707100936834,-0.9890707100923614,-0.9890707100923614,0
-0.241162311538039,0.9872526347141192,-0.0700868978582348,-0.0796777999304399,-0.0712504137255099,0.9957195159438672,0.2681948632635053,1.625498465933247,-0.1226424686762862,0.4242460449119447,-0.9890707100936834,-0.9890707100923614,-0.9890707100923614,0
-0.2419039990477006,0.987261707398598,-0.0647326293610101,-0.0918988744850522,-0.0748851330875527,0.9957225700953584,0.2681948632635053,1.625498465933247,-0.1226424686762862,0.4242460449119447,-0.9890707100936834,-0.9890707100923614,-0.9890707100923614,0
-0.2412905217875731,0.9872617074111584,-0.0470602388679152,-0.0840278176347764,-0.0569905610130078,0.9957225700993444,0.2681948632635053,1.625498465933247,-0.1226424686762862,0.4242460449119447,-0.9890707100936834,-0.9890707100923614,-0.9890707100923614,0
-0.2417188551896985,0.9872617074111584,-0.0517074113987542,-0.0621221159759745,-0.0578635744445538,0.9957225700993444,0.2681948632635053,1.625498465933247,-0.1226424686762862,0.4242460449119447,-0.9890707100936834,-0.9890707100923614,-0.9890707100923614,0
-0.2419181946659854,0.9872617074111584,-0.0642570887438274,-0.047342866680614,-0.0758065762705553,0.9957225700993444,0.2681948632635053,1.625498465933247,-0.1226424686762862,0.4242460449119447,-0.9890707100936834,-0.9890707100923614,-0.9890707100923614,0
-0.2410074870880327,0.9872617074111584,-0.0596176816595825,-0.078804843129431,-0.0691246053080825,0.9957225700993444,0.2681948632635053,1.625498465933247,-0.1226424686762862,0.4242460449119447,-0.9890707100936834,-0.9890707100923614,-0.9890707100923614,0
-0.2421096559954346,0.9872617074111584,-0.0590218013464628,-0.0614742331978255,-0.0796794747276379,0.9957225700993444,0.2681948632635053,1.625498465933247,-0.1226424686762862,0.4242460449119447,-0.9890707100936834,-0.9890707100923614,-0.9890707100923614,0
-0.2412724858123579,0.9872617074111584,-0.0506644241831826,-0.0640971845974371,-0.0465771805460604,0.9957225700993444,0.2681948632635053,1.625498465933247,-0.1226424686762862,0.4242460449119447,-0.9890707100936834,-0.9890707100923614,-0.9890707100923614,0
-0.2419445249227249,0.9872617074111584,-0.0481878061597807,-0.0565724637518638,-0.0748963054842138,0.9957225700993444,0.2681948632635053,1.625498465933247,-0.1226424686762862,0.4242460449119447,-0.9890707100936834,-0.9890707100923614,-0.9890707100923614,0
-0.2415939672435934,0.9872617074111584,-0.0734178300795351,-0.0887973501649188,-0.0857518379701253,0.9957225700993444,0.2681948632635053,1.625498465933247,-0.1226424686762862,0.4242460449119447,-0.9890707100936834,-0.9890707100923614,-0.9890707100923614,0
-0.240505300898606,0.9872617074111584,-0.0535748616939505,-0.0752186183549438,-0.0568125342957343,0.9957225700993444,0.2681948632635053,1.625498465933247,-0.1226424686762862,0.4242460449119447,-0.9890707100936834,-0.9890707100923614,-0.9890707100923614,0
-0.2416277355620361,0.9872617074111584,-0.0533007754526368,-0.0523039656421082,-0.0539177946492871,0.9957225700993444,0.2681948632635053,1.625498465933247,-0.1226424686762862,0.4242460449119447,-0.9890707100936834,-0.9890707100923614,-0.9890707100923614,0
-0.241994732152381,0.9872617074111584,-0.036303404137804,-0.0499797943117475,-0.039387775921102,0.9957225700993444,0.2681948632635053,1.625498465933247,-0.1226424686762862,0.4242460449119447,-0.9890707100936834,-0.9890707100923614,-0.9890707100923614,0
-0.2429410742543718,0.9872617074111584,-0.0737044579500815,-0.0943914401730738,-0.0651149296387889,0.9957225700993444,0.2681948632635053,1.625498465933247,-0.1226424686762862,0.4242460449119447,-0.9890707100936834,-0.9890707100923614,-0.9890707100923614,0
-0.2414649406163578,0.9872617074111584,-0.0559011738905711,-0.0497011331453784,-0.0713216455096247,0.9957225700993444,0.2681948632635053,1.625498465933247,-0.1226424686762862,0.4242460449119447,-0.9890707100936834,-0.9890707100923614,-0.9890707100923614,0
-0.2407410696327903,0.9872617074111584,-0.0657115791450173,-0.0628934459029847,-0.0748090803311436,0.9957225700993444,0.2681948632635053,1.625498465933247,-0.1226424686762862,0.4242460449119447,-0.9890707100936834,-0.9890707100923614,-0.9890707100923614,0
-0.2416240029405722,0.9872617074111584,-0.0501377261363421,-0.038017691118752,-0.0647692703525595,0.9957225700993444,0.2681948632635053,1.625498465933247,-0.1226424686762862,0.4242460449119447,-0.9890707100936834,-0.9890707100923614,-0.9890707100923614,0
-0.2421093440683236,0.9872617074111584,-0.0657033792840236,-0.069538723014569,-0.0739927090637589,0.9957225700993444,0.2681948632635053,1.625498465933247,-0.1226424686762862,0.4242460449119447,-0.9890707100936834,-0.9890707100923614,-0.9890707100923614,0
-0.2415056168455504,0.9872617074111584,-0.0880250465224378,-0.0542719299321498,-0.0827049901766608,0.9957225700993444,0.2681948632635053,1.625498465933247,-0.1226424686762862,0.4242460449119447,-0.9890707100936834,-0.9890707100923614,-0.9890707100923614,0
-0.2409687710738917,0.9872617074111584,-0.0531287738943038,-0.0427430557571869,-0.0711758098340362,0.9957225700993444,0.2681948632635053,1.625498465933247,-0.1226424686762862,0.4242460449119447,-0.9890707100936834,-0.9890707100923614,-0.9890707100923614,0
-0.2407763590135717,0.9872617074111584,-0.0546570702972433,-0.0649076598983679,-0.0526190188250538,0.9957225700993444,0.2681948632635053,1.625498465933247,-0.1226424686762862,0.4242460449119447,-0.9890707100936834,-0.9890707100923614,-0.9890707100923614,0
-0.241887766421701,0.9872617074111584,-0.0750301112406361,-0.060663267968291,-0.0601405983079341,0.9957225700993444,0.2681948632635053,1.625498465933247,-0.1226424686762862,0.4242460449119447,-0.9890707100936834,-0.9890707100923614,-0.9890707100923614,0
-0.2416463841644752,0.9872617074111584,-0.0640858773092511,-0.0774067174442025,-0.061521992128408,0.9957225700993444,0.2681948632635053,1.625498465933247,-0.1226424686762862,0.4242460449119447,-0.9890707100936834,-0.9890707100923614,-0.9890707100923614,0
-0.241586120554535,0.9872617074111584,-0.042148750015783,-0.0881310686147015,-0.0779921233947218,0.9957225700993444,0.2681948632635053,1.625498465933247,-0.1226424686762862,0.4242460449119447,-0.9890707100936834,-0.9890707100923614,-0.9890707100923614,0
-0.2422576079365367,0.9872617074111584,-0.0418454705593906,-0.0702191947632656,-0.0547561992635978,0.9957225700993444,0.2681948632635053,1.625498465933247,-0.1226424686762862,0.4242460449119447,-0.9890707100936834,-0.9890707100923614,-0.9890707100923614,0
-0.2416657228855089,0.9872617074111584,-0.0836778830669987,-0.0403976260550969,-0.0633386232706461,0.9957225700993444,0.2681948632635053,1.625498465933247,-0.1226424686762862,0.4242460449119447,-0.9890707100936834,-0.9890707100923614,-0.9890707100923614,0
-0.2424929130125382,0.9872617074111584,-0.0551438294503705,-0.0873785488798128,-0.0632696295423714,0.9957225700993444,0.2681948632635053,1.625498465933247,-0.1226424686762862,0.4242460449119447,-0.9890707100936834,-0.9890707100923614,-0.9890707100923614,0
-0.2419192932454395,0.9872617074111584,-0.0568071065716039,-0.0851063739631356,-0.0848605336198166,0.9957225700993444,0.2681948632635053,1.625498465933247,-0.1226424686762862,0.4242460449119447,-0.9890707100936834,-0.9890707100923614,-0.9890707100923614,0
-0.2421232842686952,0.9872617074111584,-0.0790532987329266,-0.0602188652867813,-0.0754956984375514,0.9957225700993444,0.2681948632635053,1.625498465933247,-0.1226424686762862,0.4242460449119447,-0.9890707100936834,-0.9890707100923614,-0.9890707100923614,0
-0.240764360720485,0.9872617074111584,-0.0478376632945579,-0.0500903275982884,-0.0424361876881538,0.9957225700993444,0.2681948632635053,1.625498465933247,-0.1226424686762862,0.4242460449119447,-0.9890707100936834,-0.9890707100923614,-0.9890707100923614,0
-0.2414780566529658,0.9872617074111584,-0.0633242839064248,-0.073743051832066,-0.0855134418308865,0.9957225700993444,0.2681948632635053,1.625498465933247,-0.1226424686762862,0.4242460449119447,-0.9890707100936834,-0.9890707100923614,-0.9890707100923614,0
-0.2409411748332849,0.9872617074111584,-0.08744358030387,-0.0632653153698388,-0.0701699146357888,0.9957225700993444,0.2681948632635053,1.625498465933247,-0.1226424686762862,0.4242460449119447,-0.9890707100936834,-0.9890707100923614,-0.9890707100923614,0
-0.2426773484171778,0.9872617074111584,-0.0719932095335604,-0.0697290767037605,-0.0586622443306004,0.9957225700993444,0.2681948632635053,1.625498465933247,-0.1226424686762862,0.4242460449119447,-0.9890707100936834,-0.9890707100923614,-0.9890707100923614,0
-0.2424329979051259,0.9872617074111584,-0.0590236970394695,-0.0659379896397658,-0.0587324414713323,0.9957225700993444,0.2681948632635053,1.625498465933247,-0.1226424686762862,0.4242460449119447,-0.9890707100936834,-0.9890707100923614,-0.9890707100923614,0
-0.2417012621092049,0.9872617074111584,-0.0637073117405846,-0.0767438625205663,-0.0795266586997718,0.9957225700993444,0.2681948632635053,1.625498465933247,-0.1226424686762862,0.4242460449119447,-0.9890707100936834,-0.9890707100923614,-0.9890707100923614,0
-0.2409617605278275,0.9872617074111584,-0.0602181672678246,-0.0645627426800204,-0.0727669677535648,0.9957225700993444,0.2681948632635053,1.625498465933247,-0.1226424686762862,0.4242460449119447,-0.9890707100936834,-0.9890707100923614,-0.9890707100923614,0
-0.2417468784514449,0.9872617074111584,-0.06338595770551,-0.0417533419336678,-0.0835381047749111,0.9957225700993444,0.2681948632635053,1.625498465933247,-0.1226424686762862,0.4242460449119447,-0.9890707100936834,-0.9890707100923614,-0.9890707100923614,0
-0.2420624370598285,0.9872617074111584,-0.0336729313936837,-0.0519252322805624,-0.0421697981101144,0.9957225700993444,0.2681948632635053,1.625498465933247,-0.1226424686762862,0.4242460449119447,-0.9890707100936834,-0.9890707100923614,-0.9890707100923614,0
-0.2411516726068262,0.9872617074111584,-0.0726923958260603,-0.0806137103451225,-0.0677806003824294,0.9957225700993444,0.2681948632635053,1.625498465933247,-0.1226424686762862,0.4242460449119447,-0.9890707100936834,-0.9890707100923614,-0.9890707100923614,0
-0.2415335190604457,0.9872617074111584,-0.0738028068765015,-0.046990849287986,-0.071495109721242,0.9957225700993444,0.2681948632635053,1.625498465933247,-0.1226424686762862,0.4242460449119447,-0.9890707100936834,-0.9890707100923614,-0.9890707100923614,0
-0.2405594021766144,0.9872617074111584,-0.0483779677362643,-0.0596188444253871,-0.0569031835780312,0.9957225700993444,0.2681948632635053,1.625498465933247,-0.1226424686762862,0.4242460449119447,-0.9890707100936834,-0.9890707100923614,-0.9890707100923614,0
-0.2419325184716375,0.9872617074111584,-0.0593838179802045,-0.0492122159983595,-0.0733459551723009,0.9957225700993444,0.2681948632635053,1.625498465933247,-0.1226424686762862,0.4242460449119447,-0.9890707100936834,-0.9890707100923614,-0.9890707100923614,0
-0.2415758759047651,0.9872617074111584,-0.0569866087034999,-0.0608666745504727,-0.0568302300865645,0.9957225700993444,0.2681948632635053,1.625498465933247,-0.1226424686762862,0.4242460449119447,-0.9890707100936834,-0.9890707100923614,-0.9890707100923614,0
-0.2404978563944547,0.9872617074111584,-0.0550888977060962,-0.0731566998514256,-0.0387415356418009,0.9957225700993444,0.2681948632635053,1.625498465933247,-0.1226424686762862,0.4242460449119447,-0.9890707100936834,-0.9890707100923614,-0.9890707100923614,0
-0.2406651192115461,0.9872617074111584,-0.063510939059111,-0.0420796837281374,-0.0705278032664076,0.9957225700993444,0.2681948632635053,1.625498465933247,-0.1226424686762862,0.4242460449119447,-0.9890707100936834,-0.9890707100923614,-0.9890707100923614,0
-0.2416752120146905,0.9872617074111584,-0.0829514827490236,-0.1074633323506509,-0.093517787599502,0.9957225700993444,0.2681948632635053,1.625498465933247,-0.1226424686762862,0.4242460449119447,-0.9890707100936834,-0.9890707100923614,-0.9890707100923614,0
-0.2408242658581407,0.9872617074111584,-0.0435493655958011,-0.0679290966341565,-0.0536843659691128,0.9957225700993444,0.2681948632635053,1.625498465933247,-0.1226424686762862,0.4242460449119447,-0.9890707100936834,-0.9890707100923614,-0.9890707100923614,0
-0.2415386765050082,0.9872617074111584,-0.0616975769912087,-0.0374481464885316,-0.0659332856617871,0.9957225700993444,0.2681948632635053,1.625498465933247,-0.1226424686762862,0.4242460449119447,-0.9890707100936834,-0.9890707100923614,-0.9890707100923614,0
-0.2414983914756931,0.9872617074111584,-0.0600443022723996,-0.0503549532021154,-0.0666628546860299,0.9957225700993444,0.2681948632635053,1.625498465933247,-0.1226424686762862,0.4242460449119447,-0.9890707100936834,-0.9890707100923614,-0.9890707100923614,0
-0.2425026325162235,0.9872617074111584,-0.078932605114343,-0.0779553129431045,-0.0862735071854202,0.9957225700993444,0.2681948632635053,1.625498465933247,-0.1226424686762862,0.4242460449119447,-0.9890707100936834,-0.9890707100923614,-0.9890707100923614,0
-0.2404610127120325,0.9872617074111584,-0.0728007867415174,-0.012770845968207,-0.0791555065365385,0.9957225700993444,0.2681948632635053,1.625498465933247,-0.1226424686762862,0.4242460449119447,-0.9890707100936834,-0.9890707100923614,-0.9890707100923614,0
-0.2410977589692186,0.9872617074111584,-0.0647805660359889,-0.0555126973303816,-0.0709347206915606,0.9957225700993444,0.2681948632635053,1.625498465933247,-0.1226424686762862,0.4242460449119447,-0.9890707100936834,-0.9890707100923614,-0.9890707100923614,0
-0.2413362278003266,0.9872617074111584,-0.0718255368092511,-0.0726746728149485,-0.085316624874671,0.9956203298897476,-0.0967685399953502,1.625498465933247,-0.1226424686762862,0.4242460449119447,-0.9890707100936834,-0.9890707100923614,-0.9890707100923614,0
-0.2476127778798249,0.9762305864925604,-0.0491446309392669,-0.022502828534795,-0.0650845401972441,0.9953930823778468,-0.0967685399953502,1.625498465933247,-0.1226424686762862,0.4242460449119447,-0.9890707100936834,-0.9890707100923614,-0.9890707100923614,0
-0.2430772197190405,1.004248149308005,-0.0635687048928069,-0.0772708926891542,-0.0767941156716482,0.9939946231196708,-0.0967685399953502,1.625498465933247,-0.1226424686762862,0.4242460449119447,-0.9890707100936834,-0.9890707100923614,-0.9890707100923614,0
-0.2488121808527963,0.9776004049671426,-0.0887790073140175,-0.0782572717958558,-0.0818300799159712,0.9934200039460476,-0.0967685399953502,1.625498465933247,-0.1226424686762862,0.4242460449119447,-0.9890707100936834,-0.9890707100923614,-0.9890707100923614,0
-0.2468665374903573,0.982355269423264,-0.0524687116118869,-0.0452771047205509,-0.0588401715511362,0.9910548351659956,-0.0967685399953502,1.625498465933247,-0.1226424686762862,0.4242460449119447,-0.9890707100936834,-0.9890707100923614,-0.9890707100923614,0
-0.2472474393100781,0.982322642920947,-0.0765651724739209,-0.0853351900320497,-0.0664706928254741,0.991038812217369,-0.0967685399953502,1.625498465933247,-0.1226424686762862,0.4242460449119447,-0.9890707100936834,-0.9890707100923614,-0.9890707100923614,0
-0.2479586963866067,0.9823226429365648,-0.0777036038226237,-0.0606101984770357,-0.0523937628814333,0.9910388122176356,-0.0967685399953502,1.625498465933247,-0.1226424686762862,0.4242460449119447,-0.9890707100936834,-0.9890707100923614,-0.9890707100923614,0
-0.2477631624172868,0.9823226429365648,-0.0566367130191044,-0.0942339215469413,-0.0627180588736063,0.9910388122176356,-0.0967685399953502,1.625498465933247,-0.1226424686762862,0.4242460449119447,-0.9890707100936834,-0.9890707100923614,-0.9890707100923614,0
-0.2453329003657831,0.9823226429365648,-0.0678300338299331,-0.0640279632553417,-0.0465788995436324,0.9910388122176356,-0.0967685399953502,1.625498465933247,-0.1226424686762862,0.4242460449119447,-0.9890707100936834,-0.9890707100923614,-0.9890707100923614,0
-0.2466532700784346,0.9823226429365648,-0.0588888795872703,-0.0656729152388451,-0.0653612923544578,0.9910388122176356,-0.0967685399953502,1.625498465933247,-0.1226424686762862,0.4242460449119447,-0.9890707100936834,-0.9890707100923614,-0.9890707100923614,0
-0.2464070845732698,0.9823226429365648,-0.05578200729606,-0.055637510853396,-0.0903643394735735,0.9910388122176356,-0.0967685399953502,1.625498465933247,-0.1226424686762862,0.4242460449119447,-0.9890707100936834,-0.9890707100923614,-0.9890707100923614,0
-0.2467174353065212,0.9823226429365648,-0.0402520980708439,-0.0582960409635169,-0.0686360681287021,0.9910388122176356,-0.0967685399953502,1.625498465933247,-0.1226424686762862,0.4242460449119447,-0.9890707100936834,-0.9890707100923614,-0.9890707100923614,0
-0.2459445251310864,0.9823226429365648,-0.0711710895137699,-0.0842627250203395,-0.0933035482961005,0.9910388122176356,-0.0967685399953502,1.625498465933247,-0.1226424686762862,0.4242460449119447,-0.9890707100936834,-0.9890707100923614,-0.9890707100923614,0
-0.2458743951252261,0.9823226429365648,-0.0412073890243253,-0.0338067332027993,-0.0585622363690839,0.9910388122176356,-0.0967685399953502,1.625498465933247,-0.1226424686762862,0.4242460449119447,-0.9890707100936834,-0.9890707100923614,-0.9890707100923614,0
-0.2471850183130436,0.9823226429365648,-0.0596118757634524,-0.0756438122883264,-0.052730901349908,0.9910388122176356,-0.0967685399953502,1.625498465933247,-0.1226424686762862,0.4242460449119447,-0.9890707100936834,-0.9890707100923614,-0.9890707100923614,0
-0.2467078721424026,0.9823226429365648,-0.0691523040515073,-0.0325187906514733,-0.0794354216164451,0.9910388122176356,-0.0967685399953502,1.625498465933247,-0.1226424686762862,0.4242460449119447,-0.9890707100936834,-0.9890707100923614,-0.9890707100923614,0
-0.2465329485422929,0.9823226429365648,-0.0608420605652152,-0.082650256089668,-0.0661807599216014,0.9910388122176356,-0.0967685399953502,1.625498465933247,-0.1226424686762862,0.4242460449119447,-0.9890707100936834,-0.9890707100923614,-0.9890707100923614,0
-0.2470531145714141,0.9823226429365648,-0.0629035416900993,-0.0888085046383098,-0.0393120717544458,0.9910388122176356,-0.0967685399953502,1.625498465933247,-0.1226424686762862,0.4242460449119447,-0.9890707100936834,-0.9890707100923614,-0.9890707100923614,0
-0.2466762739688442,0.9823226429365648,-0.0635041873223029,-0.0721716369458854,-0.0688892819481988,0.9910388122176356,-0.0967685399953502,1.625498465933247,-0.1226424686762862,0.4242460449119447,-0.9890707100936834,-0.9890707100923614,-0.9890707100923614,0
-0.2471059701250847,0.9823226429365648,-0.0638481177533212,-0.0505707021487364,-0.0640706444067575,0.9910388122176356,-0.0967685399953502,1.625498465933247,-0.1226424686762862,0.4242460449119447,-0.9890707100936834,-0.9890707100923614,-0.9890707100923614,0
-0.24679640488404,0.9823226429365648,-0.0476091720761731,-0.0644442039565402,-0.0600366545595148,0.9910388122176356,-0.0967685399953502,1.625498465933247,-0.1226424686762862,0.4242460449119447,-0.9890707100936834,-0.9890707100923614,-0.9890707100923614,0
-0.2458951014270512,0.9823226429365648,-0.0955614146420444,-0.0870557039046429,-0.0897988276434618,0.9910388122176356,-0.0967685399953502,1.625498465933247,-0.1226424686762862,0.4242460449119447,-0.9890707100936834,-0.9890707100923614,-0.9890707100923614,0
-0.2460370406161395,0.9823226429365648,-0.0796966913172764,-0.076215562132546,-0.0827525081272182,0.9910388122176356,-0.0967685399953502,1.625498465933247,-0.1226424686762862,0.4242460449119447,-0.9890707100936834,-0.9890707100923614,-0.9890707100923614,0
-0.2462166918560001,0.9823226429365648,-0.0821451450274291,-0.0556437671023756,-0.0736539783976779,0.9910388122176356,-0.0967685399953502,1.625498465933247,-0.1226424686762862,0.4242460449119447,-0.9890707100936834,-0.9890707100923614,-0.9890707100923614,0
-0.2481884079398215,0.9823226429365648,-0.0686642418156319,-0.089523715866742,-0.072138463997485,0.9886769053605604,-0.0967685399953502,1.304487210942345,-0.1226424686762862,0.4242460449119447,-0.9890707100936834,-0.9890707100923614,-0.9890707100923614,0
-0.2486881565452162,0.961019363170186,-0.0649548376579922,-0.0519211268639711,-0.0672074103633669,0.96637767384973,-0.0967685399953502,1.304487210942345,-0.1226424686762862,0.4242460449119447,-0.9890707100936834,-0.9890707100923614,-0.9890707100923614,0
-0.2514970550390764,0.938442648019322,-0.0592506671560936,-0.0895734549243949,-0.0754946530283017,0.9443757374962196,-0.0967685399953502,1.304487210942345,-0.1226424686762862,0.4242460449119447,-0.9890707100936834,-0.9890707100923614,-0.9890707100923614,0
-0.2596302104864877,0.9161497868324292,-0.0718893552525496,-0.0679634278335193,-0.079692072575182,0.9226555210579817,-0.0967685399953502,1.304487210942345,-0.1226424686762862,0.4242460449119447,-0.9890707100936834,-0.9890707100923614,-0.9890707100923614,0
-0.2598736484793119,0.9018741928239834,-0.0635571766386108,-0.0799615269012666,-0.0397207291102225,0.9092819062678078,-0.0967685399953502,1.304487210942345,-0.1226424686762862,0.4242460449119447,-0.9890707100936834,-0.9890707100923614,-0.9890707100923614,0
-0.2601954067880151,0.9013358953553536,-0.0402006695000307,-0.0480681716553084,-0.0479354880762817,0.908866849995548,-0.0967685399953502,1.304487210942345,-0.1226424686762862,0.4242460449119447,-0.9890707100936834,-0.9890707100923614,-0.9890707100923614,0
-0.2609137049773387,0.901335708267583,-0.0430036896722137,-0.0374224482946462,-0.0238149231923956,0.908866748429568,-0.0967685399953502,1.304487210942345,-0.1226424686762862,0.4242460449119447,-0.9890707100936834,-0.9890707100923614,-0.9890707100923614,0
-0.2609475940493459,0.9013357082683504,-0.0595387738156264,-0.0853693864199232,-0.0771754138576768,0.9088667484299504,-0.0967685399953502,1.304487210942345,-0.1226424686762862,0.4242460449119447,-0.9890707100936834,-0.9890707100923614,-0.9890707100923614,0
-0.2606036560326295,0.9013357082683504,-0.0646530897938592,-0.0822478344234164,-0.0495140176747902,0.9088667484299504,-0.0967685399953502,1.304487210942345,-0.1226424686762862,0.4242460449119447,-0.9890707100936834,-0.9890707100923614,-0.9890707100923614,0
-0.2603820457047486,0.9013357082683504,-0.0760193540971842,-0.0830666890503064,-0.0818791354371656,0.9088667484299504,-0.0967685399953502,1.304487210942345,-0.1226424686762862,0.4242460449119447,-0.9890707100936834,-0.9890707100923614,-0.9890707100923614,0
-0.2608284840685993,0.9013357082683504,-0.0758783460682376,-0.0799515852933779,-0.0789210135492166,0.9088667484299504,-0.0967685399953502,1.304487210942345,-0.1226424686762862,0.4242460449119447,-0.9890707100936834,-0.9890707100923614,-0.9890707100923614,0
-0.2604953447087291,0.9013357082683504,-0.0529424129825211,-0.0689380457560054,-0.0614842514118264,0.9088667484299504,-0.0967685399953502,1.304487210942345,-0.1226424686762862,0.4242460449119447,-0.9890707100936834,-0.9890707100923614,-0.9890707100923614,0
-0.2615615148372693,0.9013357082683504,-0.0519378100674697,-0.0633498516235022,-0.0391528863897027,0.9088667484299504,-0.0967685399953502,1.304487210942345,-0.1226424686762862,0.4242460449119447,-0.9890707100936834,-0.9890707100923614,-0.9890707100923614,0
-0.2608638808233043,0.9013357082683504,-0.0524379371125349,-0.0582979635467632,-0.0684331184884864,0.9088667484299504,-0.0967685399953502,1.304487210942345,-0.1226424686762862,0.4242460449119447,-0.9890707100936834,-0.9890707100923614,-0.9890707100923614,0
-0.259829985484006,0.9013357082683504,-0.0651638858336567,-0.0636926460858546,-0.0597774490222597,0.9088667484299504,-0.0967685399953502,1.304487210942345,-0.1226424686762862,0.4242460449119447,-0.9890707100936834,-0.9890707100923614,-0.9890707100923614,0
-0.25957597366135,0.9013357082683504,-0.0677657085414124,-0.0705183231686307,-0.0494800812720829,0.9088667484299504,-0.0967685399953502,1.304487210942345,-0.1226424686762862,0.4242460449119447,-0.9890707100936834,-0.9890707100923614,-0.9890707100923614,0
-0.260233845679891,0.9013357082683504,-0.0705022919266316,-0.0629061120578266,-0.0681682467644543,0.9088667484299504,-0.0967685399953502,1.304487210942345,-0.1226424686762862,0.4242460449119447,-0.9890707100936834,-0.9890707100923614,-0.9890707100923614,0
-0.2606837562815768,0.9013357082683504,-0.0593222282794825,-0.0523000041290061,-0.055356470273942,0.9088667484299504,-0.0967685399953502,1.304487210942345,-0.1226424686762862,0.4242460449119447,-0.9890707100936834,-0.9890707100923614,-0.9890707100923614,0
-0.2596355356716691,0.9013357082683504,-0.0578678282307067,-0.0589633261760848,-0.0774496081188905,0.9088667484299504,-0.0967685399953502,1.304487210942345,-0.1226424686762862,0.4242460449119447,-0.9890707100936834,-0.9890707100923614,-0.9890707100923614,0
-0.2613814736443726,0.9013357082683504,-0.0713362377051036,-0.090590283691092,-0.0820498130521873,0.9088667484299504,-0.0967685399953502,1.304487210942345,-0.1226424686762862,0.4242460449119447,-0.9890707100936834,-0.9890707100923614,-0.9890707100923614,0
-0.25975159064684,0.9013357082683504,-0.0683768292295505,-0.0346125334882065,-0.0684775852706399,0.9088667484299504,-0.0967685399953502,1.304487210942345,-0.1226424686762862,0.4242460449119447,-0.9890707100936834,-0.9890707100923614,-0.9890707100923614,0
-0.2612306967938927,0.9013357082683504,-0.0762362892326859,-0.0588213700966184,-0.0681725829868649,0.9088667484299504,-0.0967685399953502,1.304487210942345,-0.1226424686762862,0.4242460449119447,-0.9890707100936834,-0.9890707100923614,-0.9890707100923614,0
-0.2623084229920182,0.9013357082683504,-0.0686209564873886,-0.0629279131460006,-0.0696656277780758,0.9088667484299504,-0.0967685399953502,1.304487210942345,-0.1226424686762862,0.4242460449119447,-0.9890707100936834,-0.9890707100923614,-0.9890707100923614,0
-0.2598932687751633,0.9013357082683504,-0.0681831183932233,-0.0172990943600569,-0.0663337583357478,0.9088667484299504,-0.0967685399953502,1.304487210942345,-0.1226424686762862,0.4242460449119447,-0.9890707100936834,-0.9890707100923614,-0.9890707100923614,0
-0.2606245338938731,0.9013357082683504,-0.0599411830555494,-0.0539655411320575,-0.0550831949561975,0.9088667484299504,-0.0967685399953502,1.304487210942345,-0.1226424686762862,0.4242460449119447,-0.9890707100936834,-0.9890707100923614,-0.9890707100923614,0
-0.2604867856551326,0.9013357082683504,-0.0707436265925477,-0.0992412350249113,-0.0567399225831624,0.9088667484299504,-0.0967685399953502,1.304487210942345,-0.1226424686762862,0.4242460449119447,-0.9890707100936834,-0.9890707100923614,-0.9890707100923614,0
-0.259907470565893,0.9013357082683504,-0.0775568919865136,-0.087978533015737,-0.065305935463626,0.9088667484299504,-0.0967685399953502,1.304487210942345,-0.1226424686762862,0.4242460449119447,-0.9890707100936834,-0.9890707100923614,-0.9890707100923614,0
-0.2606791627654106,0.9013357082683504,-0.0899208270096498,-0.0849284182113888,-0.0779009049013686,0.9088667484299504,-0.0967685399953502,1.304487210942345,-0.1226424686762862,0.4242460449119447,-0.9890707100936834,-0.9890707100923614,-0.9890707100923614,0
-0.2593109130253365,0.9013357082683504,-0.0933894193708469,-0.0971665292803615,-0.0849051695631336,0.9088667484299504,-0.0967685399953502,1.304487210942345,-0.1226424686762862,0.4242460449119447,-0.9890707100936834,-0.9890707100923614,-0.9890707100923614,0
-0.2606549452926987,0.9013357082683504,-0.0550901005355062,-0.0485186509417275,-0.0616154034863782,0.9088667484299504,-0.0967685399953502,1.304487210942345,-0.1226424686762862,0.3526524440879758,-0.9890707100936834,-0.9890707100923614,-0.9890707100923614,0
-0.2600396383402497,0.9013357082683504,-0.0639892478073437,-0.0606474579919982,-0.0579814568604433,0.9088667484299504,-0.0967685399953502,1.304487210942345,-0.1226424686762862,0.3526524440879758,-0.9890707100936834,-0.9890707100923614,-0.9890707100923614,0
-0.2605483587049419,0.9013357082683504,-0.0574422994790421,-0.0785560379194165,-0.0657101365422697,0.9088667484299504,-0.0967685399953502,1.304487210942345,-0.1226424686762862,0.3526524440879758,-0.9890707100936834,-0.9890707100923614,-0.9890707100923614,0
-0.2597379666083929,0.9013357082683504,-0.0544100124211852,-0.0579445553686173,-0.0467274027945655,0.9088667484299504,-0.0967685399953502,1.304487210942345,-0.1226424686762862,0.3526524440879758,-0.9890707100936834,-0.9890707100923614,-0.9890707100923614,0
-0.2586938746013156,0.9013357082683504,-0.0646141759847924,-0.0507349991330301,-0.0673592099682848,0.8980241843838993,-0.0967685399953502,-0.0583371261123573,-0.1226424686762862,0.3526524440879758,-0.9890707100936834,-0.9890707100923614,-0.9890707100923614,0
-0.2896529069104519,0.7027920511271484,-0.0660328603882547,-0.0958789185904328,-0.0445668878520809,0.6979089743185406,-0.0967685399953502,-0.0583371261123573,-0.1226424686762862,0.3526524440879758,-0.9890707100936834,-0.9890707100923614,-0.9890707100923614,0
-0.3203641029010475,0.603632995768098,-0.0542308198902881,-0.0528288488289398,-0.0661409162056411,0.6015927335842308,-0.0967685399953502,-0.0583371261123573,-0.1226424686762862,0.3526524440879758,-0.9890707100936834,-0.9890707100923614,-0.9890707100923614,0
-0.3589428032080673,0.5069475885750261,-0.0632988673784847,-0.0881548894280212,-0.0726826262255574,0.5076516962202557,-0.0967685399953502,-0.0583371261123573,-0.1226424686762862,0.3526524440879758,-0.9890707100936834,-0.9890707100923614,-0.9890707100923614,0
-0.3857679850111279,0.4145095212316511,-0.064713287186715,-0.0673053715325728,-0.0507648450403734,0.4173121605798956,-0.0967685399953502,-0.0583371261123573,-0.1226424686762862,0.3526524440879758,-0.9890707100936834,-0.9890707100923614,-0.9890707100923614,0
-0.3970532434681663,0.3443476333798672,-0.0686450014996364,-0.0318839056117857,-0.0725159286317896,0.3464977056701283,-0.0967685399953502,-0.0583371261123573,-0.1226424686762862,0.3526524440879758,-0.9890707100936834,-0.9890707100923614,-0.9890707100923614,0
-0.39861480108975,0.3156224135228464,-0.0482866051405821,-0.0632333519623041,-0.0507382971424065,0.3163075390996304,-0.0967685399953502,-0.0583371261123573,-0.1226424686762862,0.3526524440879758,-0.9890707100936834,-0.9890707100923614,-0.9890707100923614,0
-0.3961456359010143,0.3102101391282826,-0.0489883091555458,-0.0608306520638471,-0.043864808238116,0.31048833659687,-0.0967685399953502,-0.0583371261123573,-0.1226424686762862,0.3526524440879758,-0.9890707100936834,-0.9890707100923614,-0.9890707100923614,0
-0.3974412089057381,0.3097212552201044,-0.0678381425886378,-0.060695772742821,-0.0515094055578592,0.3099607169719606,-0.0967685399953502,-0.0583371261123573,-0.1226424686762862,0.3526524440879758,-0.9890707100936834,-0.9890707100923614,-0.9890707100923614,0
-0.3954627693546056,0.3096981710662532,-0.045280908423735,-0.0024335636167673,-0.0773949991830398,0.3099360391760034,-0.0967685399953502,-0.0583371261123573,-0.1226424686762862,0.3526524440879758,-0.9890707100936834,-0.9890707100923614,-0.9890707100923614,0
-0.3979662928612685,0.3096975572067675,-0.0725340700917332,-0.072259847390325,-0.0574153954238067,0.3099353948649153,-0.0967685399953502,-0.0583371261123573,-0.1226424686762862,0.3526524440879758,-0.9890707100936834,-0.9890707100923614,-0.9890707100923614,0
-0.397369179902856,0.3096975475453156,-0.0607232715734163,-0.0301728774202323,-0.0648415136131884,0.3099353849757484,-0.0967685399953502,-0.0583371261123573,-0.1226424686762862,0.3526524440879758,-0.9890707100936834,-0.9890707100923614,-0.9890707100923614,0
-0.398358581177084,0.3096975474529075,-0.0308383454342193,-0.0295290535046242,-0.0425425490094593,0.3099353848841377,-0.0967685399953502,-0.0583371261123573,-0.1226424686762862,0.3526524440879758,-0.9890707100936834,-0.9890707100923614,-0.9890707100923614,0
-0.3990339768019887,0.3096975474529075,-0.0476376737047905,-0.0512068524762466,-0.0396669273638428,0.3099353848841377,-0.0967685399953502,-0.0583371261123573,-0.1226424686762862,0.3526524440879758,-0.9890707100936834,-0.9890707100923614,-0.9890707100923614,0
-0.3969781362681758,0.3096975474529075,-0.0358487613608431,-0.0660502646633051,-0.0494261388665129,0.3099353848841377,-0.0967685399953502,-0.0583371261123573,-0.1226424686762862,0.3526524440879758,-0.9890707100936834,-0.9890707100923614,-0.9890707100923614,0
-0.398705002420975,0.3096975474529075,-0.0401205862327001,-0.053852608204509,-0.0440837730258403,0.3099353848841377,-0.0967685399953502,-0.0583371261123573,-0.1226424686762862,0.3526524440879758,-0.9890707100936834,-0.9890707100923614,-0.9890707100923614,0
-0.3959602999588912,0.3096975474529075,-0.069141423528125,-0.0231496006927432,-0.0437729162216189,0.3099353848841377,-0.0967685399953502,-0.0583371261123573,-0.1226424686762862,0.3526524440879758,-0.9890707100936834,-0.9890707100923614,-0.9890707100923614,0
-0.3990108771011701,0.3096975474529075,-0.0743174058605025,-0.0686863578231869,-0.0670673281563694,0.3099353848841377,-0.0967685399953502,-0.0583371261123573,-0.1226424686762862,0.3526524440879758,-0.9890707100936834,-0.9890707100923614,-0.9890707100923614,0
-0.4002633943259767,0.3096975474529075,-0.0723899989253044,-0.0890812139243249,-0.0655471838445718,0.3099353848841377,-0.0967685399953502,-0.0583371261123573,-0.1226424686762862,0.3526524440879758,-0.9890707100936834,-0.9890707100923614,-0.9890707100923614,0
-0.3944966182794396,0.3096975474529075,-0.0445222959097296,-0.0365765368034192,-0.0321616128257919,0.3099353848841377,-0.0967685399953502,-0.0583371261123573,-0.1226424686762862,0.3526524440879758,-0.9890707100936834,-0.9890707100923614,-0.9890707100923614,0
-0.3947287647471937,0.3096975474529075,-0.0626541426858651,-0.0554947537583309,-0.0766963317151399,0.3099353848841377,-0.0967685399953502,-0.0583371261123573,-0.1226424686762862,0.3526524440879758,-0.9890707100936834,-0.9890707100923614,-0.9890707100923614,0
-0.4000355036941432,0.3096975474529075,-0.0747954570943231,-0.0770258441940223,-0.0735677154903615,0.3099353848841377,-0.0967685399953502,-0.0583371261123573,-0.1226424686762862,0.3526524440879758,-0.9890707100936834,-0.9890707100923614,-0.9890707100923614,0
-0.4013767548787543,0.3096975474529075,-0.0487161499478604,-0.0575483039897654,-0.0548708809018578,0.3099353848841377,-0.0967685399953502,-0.0583371261123573,-0.1226424686762862,0.3526524440879758,-0.9890707100936834,-0.9890707100923614,-0.9890707100923614,0
-0.3987179010622783,0.3096975474529075,-0.0537657052906455,-0.0666950402778936,-0.0658917334380588,0.3099353848841377,-0.0967685399953502,-0.0583371261123573,-0.1226424686762862,0.3526524440879758,-0.9890707100936834,-0.9890707100923614,-0.9890707100923614,0
-0.3980219684262094,0.3096975474529075,-0.0631921154498979,-0.0366639055802325,-0.0381107540391584,0.3099353848841377,-0.0967685399953502,-0.0583371261123573,-0.1226424686762862,0.3526524440879758,-0.9890707100936834,-0.9890707100923614,-0.9890707100923614,0
-0.3991192499088691,0.3096975474529075,-0.0290899229602209,-0.0572876215515939,-0.0518304673195158,0.3099353848841377,-0.0967685399953502,-0.0583371261123573,-0.1226424686762862,0.3526524440879758,-0.9890707100936834,-0.9890707100923614,-0.9890707100923614,0
-0.4015775335671026,0.3096975474529075,-0.0643833949052541,-0.0880119240135088,-0.0623764710130554,0.3099353848841377,-0.0967685399953502,-0.0583371261123573,-0.1226424686762862,0.3526524440879758,-0.9890707100936834,-0.9890707100923614,-0.9890707100923614,0
-0.3994825459214675,0.3096975474529075,-0.0625498849757058,-0.0741543363967822,-0.0497637063823845,0.3099353848841377,-0.0967685399953502,-0.0583371261123573,-0.1226424686762862,0.3526524440879758,-0.9890707100936834,-0.9890707100923614,-0.9890707100923614,0
-0.3963992667107062,0.3096975474529075,-0.0255713141259588,-0.0659760420783569,-0.0379011369579765,0.3099353848841377,-0.0967685399953502,-0.0583371261123573,-0.1226424686762862,0.3526524440879758,-0.9890707100936834,-0.9890707100923614,-0.9890707100923614,0
-0.3949900175427822,0.3096975474529075,-0.0585988835274645,-0.0894508965591178,-0.0309105827505426,0.3099353848841377,-0.0967685399953502,-0.0583371261123573,-0.1226424686762862,0.3526524440879758,-0.9890707100936834,-0.9890707100923614,-0.9890707100923614,0
-0.4009884023409591,0.3096975474529075,-0.0669085752364657,-0.0672375102455345,-0.0624570363007005,0.3099353848841377,-0.0967685399953502,-0.0583371261123573,-0.1226424686762862,0.3526524440879758,-0.9890707100936834,-0.9890707100923614,-0.9890707100923614,0
-0.3992349076329559,0.3096975474529075,-0.0574840221172635,-0.067873461630318,-0.0769965651171586,0.3099353848841377,-0.0967685399953502,-0.0583371261123573,-0.1226424686762862,0.3526524440879758,-0.9890707100936834,-0.9890707100923614,-0.9890707100923614,0
-0.396680337776154,0.3096975474529075,-0.0268259307543891,-0.0511987656280849,-0.0469322269760923,0.3099353848841377,-0.0967685399953502,-0.0583371261123573,-0.1226424686762862,0.3526524440879758,-0.9890707100936834,-0.9890707100923614,-0.9890707100923614,0
-0.3951333742566277,0.3096975474529075,-0.0358064275271427,-0.0431943044333701,-0.0328209860378959,0.3099353848841377,-0.0967685399953502,-0.0583371261123573,-0.1226424686762862,0.3526524440879758,-0.9890707100936834,-0.9890707100923614,-0.9890707100923614,0
-0.3998170261222029,0.3096975474529075,-0.0539960765856113,-0.0649005264847629,-0.0813129541302849,0.3103448442804195,1.1005298618620096,-0.0583371261123573,-0.1226424686762862,0.3526524440879758,-0.9890707100936834,-0.9890707100923614,-0.9890707100923614,0
-0.3721308257556174,0.3023933057848815,-0.0596066094050333,-0.0790734481743701,-0.0667645110412791,0.3133939308945204,1.1005298618620096,-0.0583371261123573,-0.1226424686762862,0.3526524440879758,-0.9890707100936834,-0.9890707100923614,-0.9890707100923614,0
-0.3511474976777018,0.3553779912562759,-0.0345513935906297,-0.0589141559420085,-0.0444530673543984,0.3157477437883554,1.1005298618620096,-0.0583371261123573,-0.1226424686762862,0.3526524440879758,-0.9890707100936834,-0.9890707100923614,-0.9890707100923614,0
-0.3507243012697137,0.3304540148860006,-0.0533013201540547,-0.0180530619442815,-0.0757476148130961,0.3216419430203583,1.1005298618620096,-0.0583371261123573,-0.1226424686762862,0.3526524440879758,-0.9890707100936834,-0.9890707100923614,-0.9890707100923614,0
-0.3453834155072901,0.3405245086866831,-0.0625774973495574,-0.079162255206141,-0.0784066981752876,0.3312853080811712,1.1005298618620096,-0.0583371261123573,-0.1226424686762862,0.3526524440879758,-0.9890707100936834,-0.9890707100923614,-0.9890707100923614,0
-0.3432015399317796,0.3507772649742031,-0.0378287070602837,-0.0442972305546794,-0.062896082468497,0.3412602939113011,1.1005298618620096,-0.0583371261123573,-0.1226424686762862,0.3526524440879758,-0.9890707100936834,-0.9890707100923614,-0.9890707100923614,0
-0.3421987411884843,0.3589456153820508,-0.0793390170785257,-0.076397977569155,-0.0587090240795222,0.3497331433800388,1.1005298618620096,-0.0583371261123573,-0.1226424686762862,0.3526524440879758,-0.9890707100936834,-0.9890707100923614,-0.9890707100923614,0
-0.3421912832261146,0.3919086757853525,-0.0542375407887495,-0.0660482194455215,-0.0592960091974758,0.3528950928208476,1.1005298618620096,-0.0583371261123573,-1.2749431168805487,0.3526524440879758,-0.9890707100936834,-0.9890707100923614,-0.9890707100923614,0
-0.3950679323358612,0.3297514970309156,-0.0523896584192131,-0.0579844805831313,-0.0575754027957182,0.3494857362008407,1.1005298618620096,-0.0583371261123573,-1.2749431168805487,0.3526524440879758,-0.9890707100936834,-0.9890707100923614,-0.9890707100923614,0
-0.4100374898678916,0.3271456767980324,-0.0656813254746569,-0.0583055132226636,-0.0665983007527397,0.3464420321872566,1.1005298618620096,-0.0583371261123573,-1.2749431168805487,0.3526524440879758,-0.9890707100936834,-0.9890707100923614,-0.9890707100923614,0
-0.4074246258034397,0.3214077078992829,-0.0549131438537642,-0.0399245287927911,-0.0418161795439506,0.3414191773719083,1.1005298618620096,-0.0583371261123573,-1.2749431168805487,0.3526524440879758,-0.9890707100936834,-0.9890707100923614,-0.9890707100923614,0
-0.3990763085198764,0.3319864348388917,-0.0606134588577433,-0.0324582690943994,-0.0525301219911366,0.3439364230405647,1.1005298618620096,-0.0583371261123573,-1.2749431168805487,0.3526524440879758,-0.9890707100936834,-0.9890707100923614,-0.9890707100923614,0
-0.3987137533990894,0.3369120497994705,-0.0503726845482827,-0.0329318833532526,-0.0512450051258864,0.3487402263870331,1.1005298618620096,-0.0583371261123573,-1.2749431168805487,0.3526524440879758,-0.9890707100936834,-0.9890707100923614,-0.9890707100923614,0
-0.3974633004780278,0.3413200528481362,-0.051236261016843,-0.064099462790058,-0.0606151496925442,0.3530711609830992,1.1005298618620096,-0.0583371261123573,-1.2749431168805487,0.3526524440879758,-0.9890707100936834,-0.9890707100923614,-0.9890707100923614,0
-0.3936334233205729,0.3432932006984982,-0.0755945121880654,-0.0835026172522,-0.0714272548138617,0.3550170681058045,1.1005298618620096,-0.0583371261123573,-1.2749431168805487,0.3526524440879758,-0.9890707100936834,-0.9890707100923614,-0.9890707100923614,0
-0.3965317535052257,0.3436460064391823,-0.0527881335555903,-0.0341360452025994,-0.0585002108498885,0.3553611744611428,1.1005298618620096,-0.0583371261123573,-1.2749431168805487,0.3526524440879758,-0.9890707100936834,-0.9890707100923614,-0.9890707100923614,0
-0.3976970727903541,0.3436724711128969,-0.0525523628066141,-0.0672870314263644,-0.0614227580536611,0.3553865512532237,1.1005298618620096,-0.0583371261123573,-1.2749431168805487,0.3526524440879758,-0.9890707100936834,-0.9890707100923614,-0.9890707100923614,0
-0.39845680663541,0.3436733803593871,-0.0744443838418383,-0.0682518136185729,-0.0592777588989332,0.355387406894338,1.1005298618620096,-0.0583371261123573,-1.2749431168805487,0.3526524440879758,-0.9890707100936834,-0.9890707100923614,-0.9890707100923614,0
-0.3968952543125421,0.3436733952251343,-0.0332640664931081,-0.0476274096431888,-0.0515186858951887,0.3553874206155795,1.1005298618620096,-0.0583371261123573,-1.2749431168805487,0.3526524440879758,-0.9890707100936834,-0.9890707100923614,-0.9890707100923614,0
-0.3982792144449909,0.3436733953358044,-0.0602304616709244,-0.0503843385103538,-0.0498282246134459,0.3553874207156722,1.1005298618620096,-0.0583371261123573,-1.2749431168805487,0.3526524440879758,-0.9890707100936834,-0.9890707100923614,-0.9890707100923614,0
-0.3978534072397619,0.3436733953360877,-0.0376353522411957,-0.0593285045461748,-0.0460341036388602,0.3553874207159272,1.1005298618620096,-0.0583371261123573,-1.2749431168805487,0.3526524440879758,-0.9890707100936834,-0.9890707100923614,-0.9890707100923614,0
-0.3971243592674021,0.3436733953360877,-0.0515847287463127,-0.0543332292952661,-0.0490538310992955,0.3553874207159272,1.1005298618620096,-0.0583371261123573,-1.2749431168805487,0.3526524440879758,-0.9890707100936834,-0.9890707100923614,-0.9890707100923614,0
-0.3984880819568644,0.3436733953360877,-0.0633514672531012,-0.0644346107510158,-0.0832129081170681,0.3553874207159272,1.1005298618620096,-0.0583371261123573,-1.2749431168805487,0.3526524440879758,-0.9890707100936834,-0.9890707100923614,-0.9890707100923614,0
-0.3954326877891781,0.3436733953360877,-0.0469647077370147,-0.0553742581612883,-0.0392601400752687,0.3553874207159272,1.1005298618620096,-0.0583371261123573,-1.2749431168805487,0.3526524440879758,-0.9890707100936834,-0.9890707100923614,-0.9890707100923614,0
-0.3986076362624853,0.3436733953360877,-0.0359095935196674,-0.0211370427508518,-0.0437360107769679,0.3553874207159272,1.1005298618620096,-0.0583371261123573,-1.2749431168805487,0.3526524440879758,-0.9890707100936834,-0.9890707100923614,-0.9890707100923614,0
-0.3989587916041384,0.3436733953360877,-0.0469175504829897,-0.0615094670517189,-0.0623983022141525,0.3553874207159272,1.1005298618620096,-0.0583371261123573,-1.2749431168805487,0.3526524440879758,-0.9890707100936834,-0.9890707100923614,-0.9890707100923614,0
-0.3959449714670914,0.3436733953360877,-0.035805254182632,-0.0555239774050161,-0.0600175638914459,0.3553874207159272,1.1005298618620096,-0.0583371261123573,-1.2749431168805487,0.3526524440879758,-0.9890707100936834,-0.9890707100923614,-0.9890707100923614,0
-0.3952826916602628,0.3436733953360877,-0.0593120064686997,-0.034206952583795,-0.0799997528582723,0.3553874207159272,1.1005298618620096,-0.0583371261123573,-1.2749431168805487,0.3526524440879758,-0.9890707100936834,-0.9890707100923614,-0.9890707100923614,0
-0.3964909201944939,0.3436733953360877,-0.0584214779382796,-0.0372281776739661,-0.0554999233454702,0.3553874207159272,1.1005298618620096,-0.0583371261123573,-1.2749431168805487,0.3526524440879758,-0.9890707100936834,-0.9890707100923614,-0.9890707100923614,0
-0.3940830961192552,0.3436733953360877,-0.0412204882383915,-0.045244604475403,-0.0637982703026317,0.3553874207159272,1.1005298618620096,-0.0583371261123573,-1.2749431168805487,0.3526524440879758,-0.9890707100936834,-0.9890707100923614,-0.9890707100923614,0
-0.3972337277469125,0.3436733953360877,-0.0355084734634642,-0.0486692331877666,-0.056672440013627,0.3553874207159272,1.1005298618620096,-0.0583371261123573,-1.2749431168805487,0.3526524440879758,-0.9890707100936834,-0.9890707100923614,-0.9890707100923614,0
-0.3984157514501744,0.3436733953360877,-0.0451991785249332,-0.0621062329874548,-0.045208666287092,0.3553874207159272,1.1005298618620096,-0.0583371261123573,-1.2749431168805487,0.3526524440879758,-0.9890707100936834,-0.9890707100923614,-0.9890707100923614,0
-0.3974052549589846,0.3436733953360877,-0.0619502267649156,-0.0209417855978014,-0.0787086565303418,0.3553874207159272,1.1005298618620096,-0.0583371261123573,-1.2749431168805487,0.3526524440879758,-0.9890707100936834,-0.9890707100923614,-0.9890707100923614,0
-0.3961631955874898,0.3436733953360877,-0.0545806280141316,-0.0556257186175877,-0.0650253311194683,0.3553874207159272,1.1005298618620096,-0.0583371261123573,-1.2749431168805487,0.3526524440879758,-0.9890707100936834,-0.9890707100923614,-0.9890707100923614,0
-0.3985396017585811,0.3436733953360877,-0.0387189859957366,-0.0268750561812553,-0.0365235893331203,0.3553874207159272,1.1005298618620096,-0.0583371261123573,-1.2749431168805487,0.3526524440879758,-0.9890707100936834,-0.9890707100923614,-0.9890707100923614,0
-0.3985575140237802,0.3436733953360877,-0.0435974489840082,-0.0500287658830167,-0.0619437255638392,0.3553874207159272,1.1005298618620096,-0.0583371261123573,-1.2749431168805487,0.3526524440879758,-0.9890707100936834,-0.9890707100923614,-0.9890707100923614,0
-0.3981127987179658,0.3436733953360877,-0.0527059606235673,-0.0695600228022335,-0.0448108492817679,0.3553874207159272,1.1005298618620096,-0.0583371261123573,-1.2749431168805487,0.3526524440879758,-0.9890707100936834,-0.9890707100923614,-0.9890707100923614,0
-0.4002110446030055,0.3436733953360877,-0.0353552681339113,-0.0556314284003058,-0.0643795355790601,0.3553874207159272,1.1005298618620096,-0.0583371261123573,-1.2749431168805487,0.3526524440879758,-0.9890707100936834,-0.9890707100923614,-0.9890707100923614,0
-0.4001951086522237,0.3436733953360877,-0.05940212053459,-0.0539459576608384,-0.0611058904577434,0.3553874207159272,1.1005298618620096,-0.0583371261123573,-1.2749431168805487,0.3526524440879758,-0.9890707100936834,-0.9890707100923614,-0.9890707100923614,0
-0.3974009991945125,0.3436733953360877,-0.042557792910679,-0.0340555621684722,-0.0670804683163432,0.3553874207159272,1.1005298618620096,-0.0583371261123573,-1.2749431168805487,0.3526524440879758,-0.9890707100936834,-0.9890707100923614,-0.9890707100923614,0
-0.3989114802297436,0.3436733953360877,-0.0540125751574425,-0.0538709891540357,-0.0444028826340616,0.3553874207159272,1.1005298618620096,-0.0583371261123573,-1.2749431168805487,0.3526524440879758,-0.9890707100936834,-0.9890707100923614,-0.9890707100923614,0
-0.3950876155171517,0.3436733953360877,-0.0366403335063969,-0.0164491477288593,-0.0563620553742452,0.3553874207159272,1.1005298618620096,-0.0583371261123573,-1.2749431168805487,0.3526524440879758,-0.9890707100936834,-0.9890707100923614,-0.9890707100923614,0
-0.3938348042813127,0.3436733953360877,-0.0393924475952283,-0.0388083429943189,-0.0704090483208776,0.3553874207159272,1.1005298618620096,-0.0583371261123573,-1.2749431168805487,0.3526524440879758,-0.9890707100936834,-0.9890707100923614,-0.9890707100923614,0
-0.3974483178565114,0.3436733953360877,-0.0531216796330399,-0.0518945823007679,-0.0531848117293451,0.3553874207159272,1.1005298618620096,-0.0583371261123573,-1.2749431168805487,0.3526524440879758,-0.9890707100936834,-0.9890707100923614,-0.9890707100923614,0
-0.3953600042062216,0.3436733953360877,-0.0416370160230686,-0.052652143198905,-0.0718062674856202,0.3553874207159272,1.1005298618620096,-0.0583371261123573,-1.2749431168805487,0.3526524440879758,-0.9890707100936834,-0.9890707100923614,-0.9890707100923614,0
-0.3962783297142336,0.3436733953360877,-0.0428430484845764,-0.0105796633259165,-0.0538345790753205,0.3553874207159272,1.1005298618620096,-0.0583371261123573,-1.2749431168805487,0.3526524440879758,-0.9890707100936834,-0.9890707100923614,-0.9890707100923614,0
-0.3977871118684699,0.3436733953360877,-0.0622239600243885,-0.0558393547410067,-0.073172938086956,0.3553874207159272,1.1005298618620096,-0.0583371261123573,-1.2749431168805487,-1.1979090083027135,-0.9890707100936834,-0.9890707100923614,-0.9890707100923614,0
-0.3970287709842846,0.3436733953360877,-0.0714942770044824,-0.0250546347109462,-0.0614616655299276,0.3553874207159272,1.1005298618620096,-0.0583371261123573,-1.2749431168805487,-1.1979090083027135,-0.9890707100936834,-0.9890707100923614,-0.9890707100923614,0
-0.3958749352739324,0.3436733953360877,-0.0468488467024481,-0.0472559999405952,-0.0637806060909836,0.3553874207159272,1.1005298618620096,-0.0583371261123573,-1.2749431168805487,-1.1979090083027135,-0.9890707100936834,-0.9890707100923614,-0.9890707100923614,0
-0.3971333939146436,0.3436733953360877,-0.0383361923689792,-0.012775126502293,-0.0439821252554527,0.3553874207159272,1.1005298618620096,-0.0583371261123573,-1.2749431168805487,-1.1979090083027135,-0.9890707100936834,-0.9890707100923614,-0.9890707100923614,0
-0.2676590532322337,0.3436733953360877,-0.0348485583314518,-0.0349409062358533,-0.0290913921301993,0.3553874207159272,1.1005298618620096,-0.0583371261123573,-1.2749431168805487,-1.1979090083027135,-0.9890707100936834,-0.9890707100923614,-0.9890707100923614,0
-0.2647386383002754,0.3436733953360877,-0.0549906035846728,-0.0461482486684029,-0.0588586229728751,0.3553874207159272,1.1005298618620096,-0.0583371261123573,-1.2749431168805487,-1.1979090083027135,-0.9890707100936834,-0.9890707100923614,-0.9890707100923614,0
-0.2653884325378001,0.3436733953360877,-0.0463219062824396,-0.0398344392116032,-0.0421211767691934,0.3553874207159272,1.1005298618620096,-0.0583371261123573,-1.2749431168805487,-1.1979090083027135,-0.9890707100936834,-0.9890707100923614,-0.9890707100923614,0
-0.2670633545040819,0.3436733953360877,-0.076179356368501,-0.0525794039993624,-0.0696482865359538,0.3553874207159272,1.1005298618620096,-0.0583371261123573,-1.2749431168805487,-1.1979090083027135,-0.9890707100936834,-0.9890707100923614,-0.9890707100923614,0
-0.267274252227601,0.3436733953360877,-0.0763942182074926,-0.0069258885056741,-0.0678232256826453,0.3553874207159272,1.1005298618620096,-0.0583371261123573,-1.2749431168805487,-1.1979090083027135,-0.9890707100936834,-0.9890707100923614,-0.9890707100923614,0
-0.2662436007208254,0.3436733953360877,-0.0354581479956823,-0.0054144680211492,-0.0394272502729119,0.3553874207159272,1.1005298618620096,-0.0583371261123573,-1.2749431168805487,-1.1979090083027135,-0.9890707100936834,-0.9890707100923614,-0.9890707100923614,0
-0.2659508658992267,0.3436733953360877,-0.027515951184612,-0.0165232701526156,-0.0321344879816276,0.3553874207159272,1.1005298618620096,-0.0583371261123573,-1.2749431168805487,-1.1979090083027135,-0.9890707100936834,-0.9890707100923614,-0.9890707100923614,0
-0.2655423944422256,0.3436733953360877,-0.0179560235079989,-0.0318852588394601,-0.0253432684767687,0.3553874207159272,1.1005298618620096,-0.0583371261123573,-1.2749431168805487,-1.1979090083027135,-0.9890707100936834,-0.9890707100923614,-0.9890707100923614,0
-0.2678243273953781,0.3436733953360877,-0.060200093833221,-0.0887338969694723,-0.0554223150432086,0.3553874207159272,1.1005298618620096,-0.0583371261123573,-1.2749431168805487,-1.1979090083027135,-0.9890707100936834,-0.9890707100923614,-0.9890707100923614,0
-0.2675233921796935,0.3436733953360877,-0.0093766496295945,0.0134252110673823,-0.0645950567128989,0.3553874207159272,1.1005298618620096,-0.0583371261123573,-1.2749431168805487,-1.1979090083027135,-0.9890707100936834,-0.9890707100923614,-0.9890707100923614,0
-0.2673471420142292,0.3436733953360877,-0.058150379363486,-0.0659968708510552,-0.0596680822996867,0.3553874207159272,1.1005298618620096,-0.0583371261123573,-1.2749431168805487,-1.1979090083027135,-0.9890707100936834,-0.9890707100923614,-0.9890707100923614,0
-0.266504027830183,0.3436733953360877,-0.0572572616560318,-0.045519089123203,-0.0574103362366805,0.3553874207159272,1.1005298618620096,-0.0583371261123573,-1.2749431168805487,-1.1979090083027135,-0.9890707100936834,-0.9890707100923614,-0.9890707100923614,0
-0.2664568573744042,0.3436733953360877,-0.0448996249319291,-0.0658448556490352,-0.048194984777502,0.3553874207159272,1.1005298618620096,-0.0583371261123573,-1.2749431168805487,-1.1979090083027135,-0.9890707100936834,-0.9890707100923614,-0.9890707100923614,0
-0.2668591986307456,0.3436733953360877,-0.0392324232496348,-0.0270364908752613,-0.05123737467201,0.3553874207159272,1.1005298618620096,-0.0583371261123573,-1.2749431168805487,-1.1979090083027135,-0.9890707100936834,-0.9890707100923614,-0.9890707100923614,0
-0.2678269763702457,0.3436733953360877,-0.0722011638297165,-0.0889831406539676,-0.0571827810767645,0.3553874207159272,1.1005298618620096,-0.0583371261123573,-1.2749431168805487,-1.1979090083027135,-0.9890707100936834,-0.9890707100923614,-0.9890707100923614,0
-0.268100561012625,0.3436733953360877,-0.0645727702381554,-0.0369376743053024,-0.0702489744887601,0.3553874207159272,1.1005298618620096,-0.0583371261123573,-1.2749431168805487,-1.1979090083027135,-0.9890707100936834,-0.9890707100923614,-0.9890707100923614,0
-0.2695323127070307,0.3436733953360877,-0.0051857678305319,-0.0001319231133809,-0.0435455171658605,0.3553874207159272,1.1005298618620096,-0.0583371261123573,-1.2749431168805487,-1.1979090083027135,-0.9890707100936834,-0.9890707100923614,-0.9890707100923614,0
-0.2655529725310562,0.3436733953360877,-0.0381355510552608,-0.0558629514206693,-0.0273850483308212,0.3553874207159272,1.1005298618620096,-0.0583371261123573,-1.2749431168805487,-1.1979090083027135,-0.9890707100936834,-0.9890707100923614,-0.9890707100923614,0
-0.2695102705583841,0.3436733953360877,-0.0521846606015043,-0.0617020670943963,-0.0474988861615484,0.3553874207159272,1.1005298618620096,-0.0583371261123573,-1.2749431168805487,-1.1979090083027135,-0.9890707100936834,-0.9890707100923614,-0.9890707100923614,0
-0.265952206423316,0.3436733953360877,-0.0581945364568117,-0.0197990035752021,-0.0600814336084694,0.3553874207159272,1.1005298618620096,-0.0583371261123573,-1.2749431168805487,-1.1979090083027135,-0.9890707100936834,-0.9890707100923614,-0.9890707100923614,0
-0.2669098873853245,0.3436733953360877,-0.0148077061804334,-0.0001983839643912,-0.078802363192055,0.3553874207159272,1.1005298618620096,-0.0583371261123573,-1.2749431168805487,-1.1979090083027135,-0.9890707100936834,-0.9890707100923614,-0.9890707100923614,0
-0.2694402439552045,0.3436733953360877,-0.0541563927625589,-0.0694505274701318,-0.0658106305962297,0.3553874207159272,1.1005298618620096,-0.0583371261123573,-1.2749431168805487,-1.1979090083027135,-0.9890707100936834,-0.9890707100923614,-0.9890707100923614,0
-0.268068705178031,0.3436733953360877,-0.0523711145768109,-0.0643439852424341,-0.0528641049343827,0.3553874207159272,1.1005298618620096,-0.0583371261123573,-1.2749431168805487,-1.1979090083027135,-0.9890707100936834,-0.9890707100923614,-0.9890707100923614,0
-0.2687296053126419,0.3436733953360877,-0.0461984460427911,-0.0799554656496226,-0.0767717541153136,0.3553874207159272,1.1005298618620096,-0.0583371261123573,-1.2749431168805487,-1.1979090083027135,-0.9890707100936834,-0.9890707100923614,-0.9890707100923614,0
-0.2684330106557176,0.3436733953360877,-0.0289007926391989,-0.0349971476782777,-0.0655331927691096,0.3553874207159272,1.1005298618620096,-0.0583371261123573,-1.2749431168805487,-1.1979090083027135,-0.9890707100936834,-0.9890707100923614,-0.9890707100923614,0
-0.2654764956967512,0.3436733953360877,-0.0653598079943724,-0.0691409926780657,-0.0648776158954662,0.3553874207159272,1.1005298618620096,-0.0583371261123573,-1.2749431168805487,-1.1979090083027135,-0.9890707100936834,-0.9890707100923614,-0.9890707100923614,0
-0.2664120843464858,0.3436733953360877,-0.0559751515019416,-0.0629168767423133,-0.0644577689666856,0.3553874207159272,1.1005298618620096,-0.0583371261123573,-1.2749431168805487,-1.1979090083027135,-0.9890707100936834,-0.9890707100923614,-0.9890707100923614,0
-0.2659094710908853,0.3436733953360877,-0.0644672975508968,-0.0321330964533425,-0.0691655376011465,0.3553874207159272,1.1005298618620096,-0.0583371261123573,-1.2749431168805487,-1.1979090083027135,-0.9890707100936834,-0.9890707100923614,-0.9890707100923614,0
-0.2663455999092163,0.3436733953360877,-0.0573108415090027,-0.0604696169461175,-0.0679723557124184,0.3553874207159272,1.1005298618620096,-0.0583371261123573,-1.2749431168805487,-1.1979090083027135,-0.9890707100936834,-0.9890707100923614,-0.9890707100923614,0
-0.2678440041386521,0.3436733953360877,-0.0433937949601718,-0.0661758557176121,-0.0455039159811144,0.3553874207159272,1.1005298618620096,-0.0583371261123573,-1.2749431168805487,-1.1979090083027135,-0.9890707100936834,-0.9890707100923614,-0.9890707100923614,0
-0.268199636127782,0.3436733953360877,-0.0503354437282975,-0.030289581535548,-0.0392010461198208,0.3553874207159272,1.1005298618620096,-0.0583371261123573,-1.2749431168805487,-1.1979090083027135,-0.9890707100936834,-0.9890707100923614,-0.9890707100923614,0
-0.2664468025738259,0.3436733953360877,-0.0563845289772391,-0.0799547729999664,-0.0632919918412749,0.3553874207159272,1.1005298618620096,-0.0583371261123573,-1.2749431168805487,-1.1979090083027135,-0.9890707100936834,-0.9890707100923614,-0.9890707100923614,0
-0.2673492494072221,0.3436733953360877,-0.0587251138866413,-0.0101612438804909,-0.0361147099421914,0.3553874207159272,1.1005298618620096,-0.0583371261123573,-1.2749431168805487,-1.1979090083027135,-0.9890707100936834,-0.9890707100923614,-0.9890707100923614,0
-0.2677710918492318,0.3436733953360877,-0.0624369426141151,-0.0677169634754581,-0.0415590470917071,0.3553874207159272,1.1005298618620096,-0.0583371261123573,-1.2749431168805487,-1.1979090083027135,-0.9890707100936834,-0.9890707100923614,-0.9890707100923614,0
-0.2671963874350169,0.3436733953360877,-0.058139025897601,-0.0808990454851441,-0.0534167851234146,0.3553874207159272,1.1005298618620096,-0.0583371261123573,-1.2749431168805487,-1.1979090083027135,-0.9890707100936834,-0.9890707100923614,-0.9890707100923614,0
-0.2674095844454722,0.3436733953360877,-0.0211550855637082,0.0012914129348285,-0.0408703772305208,0.3553874207159272,1.1005298618620096,-0.0583371261123573,-1.2749431168805487,-1.1979090083027135,-0.9890707100936834,-0.9890707100923614,-0.9890707100923614,0
-0.2661261723538864,0.3436733953360877,-0.0497667306892869,-0.013025674281901,-0.0231864843777035,0.3553874207159272,1.1005298618620096,-0.0583371261123573,-1.2749431168805487,-1.1979090083027135,-0.9890707100936834,-0.9890707100923614,-0.9890707100923614,0
-0.264836178514971,0.3436733953360877,-0.0524002683753608,-0.0261431573803559,-0.0457121854884705,0.3553874207159272,1.1005298618620096,-0.0583371261123573,-1.2749431168805487,-1.1979090083027135,-0.9890707100936834,-0.9890707100923614,-0.9890707100923614,0
-0.2671847341774405,0.3436733953360877,-0.074626149691764,-0.047609289825397,-0.0508070581783415,0.3553874207159272,1.1005298618620096,-0.0583371261123573,-1.2749431168805487,-1.1979090083027135,-0.9890707100936834,-0.9890707100923614,-0.9890707100923614,0
-0.267049699863657,0.3436733953360877,-0.0502205160930612,-0.0294831791316249,-0.049118288791934,0.3553874207159272,1.1005298618620096,-0.0583371261123573,-1.2749431168805487,-1.1979090083027135,-0.9890707100936834,-0.9890707100923614,-0.9890707100923614,0
-0.266062970498232,0.3436733953360877,-0.0532119422802985,-0.0437398632436397,-0.0472165580574992,0.3553874207159272,1.1005298618620096,-0.0583371261123573,-1.2749431168805487,-1.1979090083027135,-0.9890707100936834,-0.9890707100923614,-0.9890707100923614,0
-0.2662528164892593,0.3436733953360877,-0.0603025899058109,-0.0631300884704021,-0.059549106049716,0.3553874207159272,1.1005298618620096,-0.0583371261123573,-1.2749431168805487,-1.1979090083027135,-0.9890707100936834,-0.9890707100923614,-0.9890707100923614,0
-0.2678310352764864,0.3436733953360877,-0.0396990995280519,-0.0540976669448511,-0.0476020989358668,0.3553874207159272,1.1005298618620096,-0.0583371261123573,-1.2749431168805487,-1.1979090083027135,-0.9890707100936834,-0.9890707100923614,-0.9890707100923614,0
-0.2662358069380478,0.3436733953360877,-0.039699577658344,-0.0076808280110494,-0.0467029947069675,0.3553874207159272,1.1005298618620096,-0.0583371261123573,-1.2749431168805487,-1.1979090083027135,-0.9890707100936834,-0.9890707100923614,-0.9890707100923614,0
-0.2669542315488754,0.3436733953360877,-0.044655761486505,-0.0507943935805625,-0.0391719116424577,0.3553874207159272,1.1005298618620096,-0.0583371261123573,-1.2749431168805487,-1.1979090083027135,-0.9890707100936834,-0.9890707100923614,-0.9890707100923614,0
-0.2707842794090672,0.3436733953360877,-0.05390763654767,-0.0486364858788079,-0.0711702602958251,0.3553874207159272,1.1005298618620096,-0.0583371261123573,-1.2749431168805487,-1.1979090083027135,-0.9890707100936834,-0.9890707100923614,-0.9890707100923614,0
-0.2678793959134973,0.3436733953360877,-0.0598775745095992,-0.0769584573527765,-0.0409682142524797,0.3553874207159272,1.1005298618620096,-0.0583371261123573,-1.2749431168805487,-1.1979090083027135,-0.9890707100936834,-0.9890707100923614,-0.9890707100923614,0
-0.2676674781637607,0.3436733953360877,-0.0430746190502066,-0.0646185415465859,-0.0506061930887996,0.3553874207159272,1.1005298618620096,-0.0583371261123573,-1.2749431168805487,-1.1979090083027135,-0.9890707100936834,-0.9890707100923614,-0.9890707100923614,0
-0.266298268197599,0.3436733953360877,-0.0315997896080031,-0.0493757273636743,-0.0139549113833503,0.3553874207159272,1.1005298618620096,-0.0583371261123573,-1.2749431168805487,-1.1979090083027135,-0.9890707100936834,-0.9890707100923614,-0.9890707100923614,0
-0.2669160069577199,0.3436733953360877,-0.0622663450249424,-0.057904761521915,-0.0427152329633306,0.3553874207159272,1.1005298618620096,-0.0583371261123573,-1.2749431168805487,-1.1979090083027135,-0.9890707100936834,-0.9890707100923614,-0.9890707100923614,0
-0.2665521806717258,0.3436733953360877,-0.0490332026429993,-0.0623684684063177,-0.0328637436786828,0.3553874207159272,1.1005298618620096,-0.0583371261123573,-1.2749431168805487,-1.1979090083027135,-0.9890707100936834,-0.9890707100923614,-0.9890707100923614,0
-0.2677132151061629,0.3436733953360877,-0.0357514232223756,-0.0051332918939295,-0.0451311396415836,0.3553874207159272,1.1005298618620096,-0.0583371261123573,-1.2749431168805487,-1.1979090083027135,-0.9890707100936834,-0.9890707100923614,-0.9890707100923614,0
-0.2667656300589213,0.3436733953360877,-0.0522687600129525,-0.0764812856616595,-0.0602515055618175,0.3553874207159272,1.1005298618620096,-0.0583371261123573,-1.2749431168805487,-1.1979090083027135,-0.9890707100936834,-0.9890707100923614,-0.9890707100923614,0
-0.266100370634045,0.3436733953360877,-0.0609447233548,-0.0379848648455422,-0.0424983735767676,0.3555902843951518,1.7084170734427009,-0.0583371261123573,-1.2749431168805487,-1.1979090083027135,-0.9890707100936834,-0.9890707100923614,-0.9890707100923614,0
-0.2602004544792511,0.3553493330073234,-0.0741918889779813,-0.0628467348769108,-0.0467106915969716,0.3557519520894183,1.7084170734427009,-0.0583371261123573,-1.2749431168805487,-1.1979090083027135,-0.9890707100936834,-0.9890707100923614,-0.9890707100923614,0
-0.2595157199548675,0.3463694951552335,-0.0468015860610981,-0.0768374096219471,-0.0626226729831476,0.3571997807225926,1.7084170734427009,-0.1410001339623197,-1.2749431168805487,-1.1979090083027135,-0.9890707100936834,-0.9890707100923614,-0.9890707100923614,0
-0.2569414112709893,0.3409412720869511,-0.055637728015381,-0.0932339739281435,-0.0392858183681147,0.3513710472500755,1.7084170734427009,-0.1410001339623197,-1.2749431168805487,-1.1979090083027135,-0.9890707100936834,-0.9890707100923614,-0.9890707100923614,0
-0.2600709347252395,0.3377616599334697,-0.0243196202664446,-0.0322081092933019,-0.0150065745017799,0.3485399045153312,1.7084170734427009,-0.1410001339623197,-1.2749431168805487,-1.1979090083027135,-0.9890707100936834,-0.9890707100923614,-0.9890707100923614,0
-0.2617939112854314,0.3342551931188334,-0.0419258802762016,-0.072083304141732,-0.0475222763839793,0.3452235891796551,1.7084170734427009,-0.1410001339623197,-1.2749431168805487,-1.1979090083027135,-0.9890707100936834,-0.9890707100923614,-0.9890707100923614,0
-0.2629992274474279,0.328584691298832,-0.0418228481266597,-0.0651749144043392,-0.0398825923334489,0.3397293503459309,1.7084170734427009,-0.1410001339623197,-1.2749431168805487,-1.1979090083027135,-0.9890707100936834,-0.9890707100923614,-0.9890707100923614,0
-0.2613201467796783,0.3216379701248356,-0.0481739492947672,-0.0105659400707898,-0.0606215076842229,0.3329881143403225,1.7084170734427009,-0.1410001339623197,-1.2749431168805487,-1.1979090083027135,-0.9890707100936834,-0.9890707100923614,-0.9890707100923614,0
-0.2640758544383454,0.3150122118862604,-0.0483269683402834,-0.0624214015251064,-0.0519250096190609,0.326459213814673,1.7084170734427009,-0.1410001339623197,-1.2749431168805487,-1.1979090083027135,-0.9890707100936834,-0.9890707100923614,-0.9890707100923614,0
-0.2615282898789663,0.3118904466430861,-0.0496276422465447,-0.004224415507303,-0.071402758932333,0.3233619817285876,1.7084170734427009,-0.1410001339623197,-1.2749431168805487,-1.1979090083027135,-0.9890707100936834,-0.9890707100923614,-0.9890707100923614,0
-0.2633703392958592,0.3112563989590093,-0.0187236597297572,-0.0116219396585492,-0.0247679894764975,0.3227363918307871,1.7084170734427009,-0.1410001339623197,-1.2749431168805487,-1.1979090083027135,-0.9890707100936834,-0.9890707100923614,-0.9890707100923614,0
-0.2643403087841794,0.3111998766430436,-0.043966981774926,-0.0389926800946489,-0.0395344121362129,0.3226813464095692,1.7084170734427009,-0.1410001339623197,-1.2749431168805487,-1.1979090083027135,-0.9890707100936834,-0.9890707100923614,-0.9890707100923614,0
-0.262024326066493,0.3111975482286397,-0.0419083228101742,-0.033740114651137,-0.0450497678779388,0.3226791151979599,1.7084170734427009,-0.1410001339623197,-1.2749431168805487,-1.1979090083027135,-0.9890707100936834,-0.9890707100923614,-0.9890707100923614,0
-0.2639632366037616,0.3111975027293094,-0.0542431696525877,-0.076813914462232,-0.0430299566176127,0.3226790723344783,1.7084170734427009,-0.1410001339623197,-1.2749431168805487,-1.1979090083027135,-0.9890707100936834,-0.9890707100923614,-0.9890707100923614,0
-0.2629838566707451,0.3111975023185372,-0.0406797205866783,-0.067935861652185,-0.0632175508643803,0.3226790719537367,1.7084170734427009,-0.1410001339623197,-1.2749431168805487,-1.1979090083027135,-0.9890707100936834,-0.9890707100923614,-0.9890707100923614,0
-0.2633373488985374,0.3111975023169553,-0.0286395989379218,-0.0014661793912383,-0.0498300943679956,0.3226790719522883,1.7084170734427009,-0.1410001339623197,-1.2749431168805487,-1.1979090083027135,-0.9890707100936834,-0.9890707100923614,-0.9890707100923614,0
-0.2615062766853515,0.3111975023169553,-0.0697052035540519,-0.0400631823821048,-0.0633260582961783,0.3226790719522883,1.7084170734427009,-0.1410001339623197,-1.2749431168805487,-1.1979090083027135,-0.9890707100936834,-0.9890707100923614,-0.9890707100923614,0
-0.262563508700355,0.3111975023169553,-0.0225859185106983,-0.0421143304926201,-0.0351043597041106,0.3226790719522883,1.7084170734427009,-0.1410001339623197,-1.2749431168805487,-1.1979090083027135,-0.9890707100936834,-0.9890707100923614,-0.9890707100923614,0
-0.2634683698898122,0.3111975023169553,-0.07737531889872,-0.0671083909604275,-0.0807682828240322,0.3226790719522883,1.7084170734427009,-0.1410001339623197,-1.2749431168805487,0.960688605469898,-0.9890707100936834,-0.9890707100923614,-0.9890707100923614,0
-0.263175132972258,0.3111975023169553,-0.0578142338527079,-0.0797386634230674,-0.0477834459079791,0.3226790719522883,1.7084170734427009,-0.1410001339623197,-1.2749431168805487,0.960688605469898,-0.9890707100936834,-0.9890707100923614,-0.9890707100923614,0
-0.261588664756227,0.3111975023169553,-0.0382228212896759,-0.0462038604722127,-0.0652163103671336,0.3226790719522883,1.7084170734427009,-0.1410001339623197,-1.2749431168805487,0.960688605469898,-0.9890707100936834,-0.9890707100923614,-0.9890707100923614,0
-0.43035345961597,0.3111975023169553,-0.0444993896691718,-0.0248268080998221,-0.0597277920793377,0.3226790719522883,1.7084170734427009,-0.1410001339623197,-1.2749431168805487,0.960688605469898,-0.9890707100936834,-0.9890707100923614,-0.9890707100923614,0
-0.4296627182383403,0.3111975023169553,-0.0460878398138722,-0.0414431758918606,-0.0620471256331179,0.3226790719522883,1.7084170734427009,-0.1410001339623197,-1.2749431168805487,0.960688605469898,-0.9890707100936834,-0.9890707100923614,-0.9890707100923614,0
-0.4315828733098122,0.3111975023169553,-0.053007130418274,-0.0548320072420713,-0.0670232793775738,0.3226790719522883,1.7084170734427009,-0.1410001339623197,-1.2749431168805487,0.960688605469898,-0.9890707100936834,-0.9890707100923614,-0.9890707100923614,0
-0.4317470249198807,0.3111975023169553,-0.0510178250538259,-0.061120305190182,-0.06595016436635,0.3226790719522883,1.7084170734427009,-0.1410001339623197,-1.2749431168805487,0.960688605469898,-0.9890707100936834,-0.9890707100923614,-0.9890707100923614,0
-0.4317466188419841,0.3111975023169553,-0.0675889085608215,-0.0772483646487476,-0.061722463066053,0.3226790719522883,1.7084170734427009,-0.1410001339623197,-1.2749431168805487,0.960688605469898,-0.9890707100936834,-0.9890707100923614,-0.9890707100923614,0
-0.4335718567397175,0.3111975023169553,-0.0651510328758678,-0.0723579626125273,-0.0578018779076702,0.3226790719522883,1.7084170734427009,-0.1410001339623197,-1.2749431168805487,0.960688605469898,-0.9890707100936834,-0.9890707100923614,-0.9890707100923614,0
-0.4311226135196899,0.3111975023169553,-0.0588957211363627,-0.0403906829916428,-0.0488052975701339,0.3226790719522883,1.7084170734427009,-0.1410001339623197,-1.2749431168805487,0.960688605469898,-0.9890707100936834,-0.9890707100923614,-0.9890707100923614,0
-0.4333345106622675,0.3111975023169553,-0.0533341530683145,-0.0280826123667055,-0.0670157071735271,0.3226790719522883,1.7084170734427009,-0.1410001339623197,-1.2749431168805487,0.960688605469898,-0.9890707100936834,-0.9890707100923614,-0.9890707100923614,0
-0.4327360498084475,0.3111975023169553,-0.0603840982925553,-0.0321633022465208,-0.054690814653022,0.3226790719522883,1.7084170734427009,-0.1410001339623197,-1.2749431168805487,0.960688605469898,-0.9890707100936834,-0.9890707100923614,-0.9890707100923614,0
-0.4323043400132713,0.3111975023169553,-0.0688791567879047,-0.066134215653314,-0.0598860392936253,0.3226790719522883,1.7084170734427009,-0.1410001339623197,-1.2749431168805487,0.960688605469898,-0.9890707100936834,-0.9890707100923614,-0.9890707100923614,0
-0.4332357314653884,0.3111975023169553,-0.0517005705224722,-0.0187816395064621,-0.0643597213937862,0.3226790719522883,1.7084170734427009,-0.1410001339623197,-1.2749431168805487,0.960688605469898,-0.9890707100936834,-0.9890707100923614,-0.9890707100923614,0
-0.4329421889212113,0.3111975023169553,-0.0497754185820237,-0.0552149769757478,-0.0763260512041112,0.3226790719522883,1.7084170734427009,-0.1410001339623197,-1.2749431168805487,0.960688605469898,-0.9890707100936834,-0.9890707100923614,-0.9890707100923614,0
-0.4338538045656069,0.3111975023169553,-0.0282013311628864,-0.024789886240374,-0.0586749251821131,0.3226790719522883,1.7084170734427009,-0.1410001339623197,-1.2749431168805487,0.960688605469898,-0.9890707100936834,-0.9890707100923614,-0.9890707100923614,0
-0.4315165620845562,0.3111975023169553,-0.0487309602435153,-0.0583001377593187,-0.0546333213152772,0.3226790719522883,1.7084170734427009,-0.1410001339623197,-1.2749431168805487,0.960688605469898,-0.9890707100936834,-0.9890707100923614,-0.9890707100923614,0
-0.433140567751171,0.3111975023169553,-0.0507302850157077,-0.0301170602588067,-0.0459629724115061,0.3226790719522883,1.7084170734427009,-0.1410001339623197,-1.2749431168805487,0.960688605469898,-0.9890707100936834,-0.9890707100923614,-0.9890707100923614,0
-0.4332442049062531,0.3111975023169553,-0.0629051476900697,-0.0515767328878526,-0.0730250281839141,0.3226790719522883,1.7084170734427009,-0.1410001339623197,-1.2749431168805487,0.960688605469898,-0.9890707100936834,-0.9890707100923614,-0.9890707100923614,0
-0.4326854579378313,0.3111975023169553,-0.0483414120600163,-0.0421075521645187,-0.0475075030361312,0.3226790719522883,1.7084170734427009,-0.1410001339623197,-1.2749431168805487,0.960688605469898,-0.9890707100936834,-0.9890707100923614,-0.9890707100923614,0
-0.4341748498306608,0.3111975023169553,-0.0516222604128203,-0.0323324916095565,-0.0513720409029544,0.3226790719522883,1.7084170734427009,-0.1410001339623197,-1.2749431168805487,0.960688605469898,-0.9890707100936834,-0.9890707100923614,-0.9890707100923614,0
-0.4344421942292486,0.3111975023169553,-0.0563002808145643,-0.0718479578022055,-0.0449938611563128,0.3226790719522883,1.7084170734427009,-0.1410001339623197,-1.2749431168805487,0.960688605469898,-0.9890707100936834,-0.9890707100923614,-0.9890707100923614,0
-0.4316733801297814,0.3111975023169553,-0.0538269826796351,-0.0315676146531375,-0.0451012067851896,0.3226790719522883,1.7084170734427009,-0.1410001339623197,-1.2749431168805487,0.960688605469898,-0.9890707100936834,-0.9890707100923614,-0.9890707100923614,0
-0.4324214015729021,0.3111975023169553,-0.0512168329631941,-0.0599651738703661,-0.0614527325361039,0.3226790719522883,1.7084170734427009,-0.1410001339623197,-1.2749431168805487,0.960688605469898,-0.9890707100936834,-0.9890707100923614,-0.9890707100923614,0
-0.4332814676234464,0.3111975023169553,-0.056387464625808,-0.0611854422794651,-0.0492131867666254,0.3226790719522883,1.7084170734427009,-0.1410001339623197,-1.2749431168805487,0.960688605469898,-0.9890707100936834,-0.9890707100923614,-0.9890707100923614,0
-0.4311052246482652,0.3111975023169553,-0.0426915786013037,-0.0076568418599956,-0.0378728219866311,0.3226790719522883,1.7084170734427009,-0.1410001339623197,-1.2749431168805487,0.960688605469898,-0.9890707100936834,-0.9890707100923614,-0.9890707100923614,0
-0.4350335819850253,0.3111975023169553,-0.0632043527511136,-0.0731424131487323,-0.0572078956248155,0.3226790719522883,1.7084170734427009,-0.1410001339623197,-1.2749431168805487,0.960688605469898,-0.9890707100936834,-0.9890707100923614,-0.9890707100923614,0
-0.4340364056408218,0.3111975023169553,-0.0481340789595292,-0.0629746298442529,-0.0656236298543463,0.3226790719522883,1.7084170734427009,-0.1410001339623197,-1.2749431168805487,0.960688605469898,-0.9890707100936834,-0.9890707100923614,-0.9890707100923614,0
-0.4339243107137454,0.3111975023169553,-0.049326359278358,-0.0321046797718431,-0.0656014671434535,0.3226790719522883,1.7084170734427009,-0.1410001339623197,-1.2749431168805487,0.960688605469898,-0.9890707100936834,-0.9890707100923614,-0.9890707100923614,0
-0.4333566789741901,0.3111975023169553,-0.0553320281748781,-0.0570326519669858,-0.0645522189235564,0.3226790719522883,1.7084170734427009,-0.1410001339623197,-1.2749431168805487,0.960688605469898,-0.9890707100936834,-0.9890707100923614,-0.9890707100923614,0
-0.4333092987013084,0.3111975023169553,-0.0524488948013983,-0.0553537912894376,-0.0578635225185624,0.3226790719522883,1.7084170734427009,-0.1410001339623197,-1.2749431168805487,0.960688605469898,-0.9890707100936834,-0.9890707100923614,-0.9890707100923614,0
-0.4328271913248634,0.3111975023169553,-0.0388459963737203,-0.05631163616829,-0.0578442085847341,0.3226790719522883,1.7084170734427009,-0.1410001339623197,-1.2749431168805487,0.960688605469898,-0.9890707100936834,-0.9890707100923614,-0.9890707100923614,0
-0.4328513155951553,0.3111975023169553,-0.0494695933332021,-0.0378924616480749,-0.0808583530316476,0.3226790719522883,1.7084170734427009,-0.1410001339623197,-1.2749431168805487,0.960688605469898,-0.9890707100936834,-0.9890707100923614,-0.9890707100923614,0
-0.4316766771021371,0.3111975023169553,-0.047146267809916,-0.0206820288790302,-0.0624433299734899,0.3226790719522883,1.7084170734427009,-0.1410001339623197,-1.2749431168805487,0.960688605469898,-0.9890707100936834,-0.9890707100923614,-0.9890707100923614,0
-0.4317961318568072,0.3111975023169553,-0.047954484439027,-0.0628960664816158,-0.0485883208885308,0.3226790719522883,1.7084170734427009,-0.1410001339623197,-1.2749431168805487,0.960688605469898,-0.9890707100936834,-0.9890707100923614,-0.9890707100923614,0
-0.4338799601496145,0.3111975023169553,-0.0516531910408326,-0.0648627747550869,-0.0500752385101592,0.3226790719522883,1.7084170734427009,-0.1410001339623197,-1.2749431168805487,0.960688605469898,-0.9890707100936834,-0.9890707100923614,-0.9890707100923614,0
-0.432940765495948,0.3111975023169553,-0.0535373692971424,-0.0676390094387901,-0.0653795352054157,0.3226790719522883,1.7084170734427009,-0.1410001339623197,-1.2749431168805487,0.960688605469898,-0.9890707100936834,-0.9890707100923614,-0.9890707100923614,0
-0.4319326803102446,0.3111975023169553,-0.0572884333432,-0.0521331192011779,-0.0624658989719125,0.3226790719522883,1.7084170734427009,-0.1410001339623197,-1.2749431168805487,0.960688605469898,-0.9890707100936834,-0.9890707100923614,-0.9890707100923614,0
-0.433565483285898,0.3111975023169553,-0.0579913016163476,-0.0459777590057891,-0.033374189668302,0.3226790719522883,1.7084170734427009,-0.1410001339623197,-1.2749431168805487,0.960688605469898,-0.9890707100936834,-0.9890707100923614,-0.9890707100923614,0
-0.4315600731262342,0.3111975023169553,-0.061918761087831,-0.0480006277303418,-0.0596352400538249,0.3226790719522883,1.7084170734427009,-0.1410001339623197,-1.2749431168805487,0.960688605469898,-0.9890707100936834,-0.9890707100923614,-0.9890707100923614,0
-0.4349882694836157,0.3111975023169553,-0.0644859093219363,-0.0666939643236479,-0.0652922334070593,0.3226790719522883,1.7084170734427009,-0.1410001339623197,-1.2749431168805487,0.960688605469898,-0.9890707100936834,-0.9890707100923614,-0.9890707100923614,0
-0.4296020415952472,0.3111975023169553,-0.0500255272634915,-0.055184486847482,-0.0556354570697823,0.3226790719522883,1.7084170734427009,-0.1410001339623197,-1.2749431168805487,0.960688605469898,-0.9890707100936834,-0.9890707100923614,-0.9890707100923614,0
-0.4323184547886783,0.3111975023169553,-0.0467042899589053,-0.0562013349840343,-0.06159729328959,0.3226790719522883,1.7084170734427009,-0.1410001339623197,-1.2749431168805487,0.960688605469898,-0.9890707100936834,-0.9890707100923614,-0.9890707100923614,0
-0.4331388308823024,0.3111975023169553,-0.0637385520939227,-0.0624624395880267,-0.0713461318090469,0.3226790719522883,1.7084170734427009,-0.1410001339623197,-1.2749431168805487,0.960688605469898,-0.9890707100936834,-0.9890707100923614,-0.9890707100923614,0
-0.4331240732368936,0.3111975023169553,-0.0557775746753901,-0.0664905713677228,-0.0718308149460796,0.3234577619838374,1.7084170734427009,-0.1410001339623197,0.3319415720796214,0.960688605469898,-0.9890707100936834,-0.9890707100923614,-0.9890707100923614,0
-0.3661691266689437,0.3389705932154599,-0.0638193269250617,0.0004718839015897,-0.0731494093995065,0.3286989910337173,1.7084170734427009,-0.1410001339623197,0.3319415720796214,0.960688605469898,-0.9890707100936834,-0.9890707100923614,-0.9890707100923614,0
-0.3595804212160136,0.3455444345194302,-0.0548778284020133,-0.0686933796497783,-0.063976853932019,0.3352165276923956,1.7084170734427009,-0.1410001339623197,0.3319415720796214,0.960688605469898,-0.9890707100936834,-0.9890707100923614,-0.9890707100923614,0
-0.345694756685007,0.3887568253517454,-0.0602846798033037,-0.0797443567445107,-0.077731685044432,0.3296738345161503,1.7084170734427009,-0.1410001339623197,0.3319415720796214,0.960688605469898,-0.9890707100936834,-0.9890707100923614,-0.9890707100923614,0
-0.3458836264928037,0.3847535772916474,-0.0566437174268424,-0.0527677677936203,-0.0489075275173631,0.3263907993739061,1.7084170734427009,-0.1410001339623197,0.3319415720796214,0.960688605469898,-0.9890707100936834,-0.9890707100923614,-0.9890707100923614,0
-0.3481188514217807,0.3790816198920808,-0.0501913641319459,-0.0139584811925122,-0.0735175591491335,0.3212959179136002,1.7084170734427009,-0.1410001339623197,0.3319415720796214,0.960688605469898,-0.9890707100936834,-0.9890707100923614,-0.9890707100923614,0
-0.3461439052004826,0.3748300875609447,-0.0576885189165589,-0.0604389143948844,-0.0830236461764811,0.3162793357383113,1.7084170734427009,-0.1410001339623197,0.3319415720796214,0.960688605469898,-0.9890707100936834,-0.9890707100923614,-0.9890707100923614,0
-0.3480283211544198,0.3738089197618843,-0.0883499658542506,-0.0954527457068858,-0.0883569457422541,0.3145401147052583,1.7084170734427009,-0.1410001339623197,0.3319415720796214,0.960688605469898,-0.9890707100936834,-0.9890707100923614,-0.9890707100923614,0
-0.3466517577036336,0.373745096694793,-0.0645933870797216,-0.0425475440419479,-0.0708871142504778,0.3032848429543535,1.7084170734427009,-0.9983390967923584,0.3319415720796214,0.960688605469898,-0.9890707100936834,-0.9890707100923614,-0.9890707100923614,0
-0.3604831969248301,0.2810881598044075,-0.0451288352825655,-0.0354278060646669,-0.0405551702669736,0.2022162318515295,1.7084170734427009,-0.9983390967923584,0.3319415720796214,0.960688605469898,-0.9890707100936834,-0.9890707100923614,-0.9890707100923614,0
-0.3955692019563973,0.1863096320993858,-0.0456276063671791,-0.0413153567805525,-0.0628081720408102,0.1104231482239254,1.7084170734427009,-0.9983390967923584,0.3319415720796214,0.960688605469898,-0.9890707100936834,-0.9890707100923614,-0.9890707100923614,0
-0.4411819217479638,0.0937360094692448,-0.0526304291688037,-0.0646809793859793,-0.0450080677456623,0.0221729379138939,1.7084170734427009,-0.9983390967923584,0.3319415720796214,0.960688605469898,-0.9890707100936834,-0.9890707100923614,-0.9890707100923614,0
-0.4857716745312499,0.0030806273227476,-0.0722011896684199,-0.0911970695982113,-0.0665475754976138,-0.0642054950105046,1.7084170734427009,-0.9983390967923584,0.3319415720796214,0.960688605469898,-0.9890707100936834,-0.9890707100923614,-0.9890707100923614,0
-0.5221219746828513,-0.0853781309852151,-0.0420847934494794,-0.0408896382234373,-0.05539421495979,-0.1486712338097118,1.7084170734427009,-0.9983390967923584,0.3319415720796214,0.960688605469898,-0.9890707100936834,-0.9890707100923614,-0.9890707100923614,0
-0.564041976177772,-0.1716486840794654,-0.0460898072827273,-0.0672655545195945,-0.0494472501653363,-0.2310576596680823,1.7084170734427009,-0.9983390967923584,0.3319415720796214,0.960688605469898,-0.9890707100936834,-0.9890707100923614,-0.9890707100923614,0
-0.5904327489714477,-0.2552473606361003,-0.0494895072704926,-0.0435545749260275,-0.0602989496889669,-0.3114286126823858,1.7084170734427009,-0.9983390967923584,0.3319415720796214,0.960688605469898,-0.9890707100936834,-0.9890707100923614,-0.9890707100923614,0
-0.6134907369551021,-0.3336068389886562,-0.0402050558836507,-0.0196483876548919,-0.0627007516611146,-0.3890192137366214,1.7084170734427009,-0.9983390967923584,0.3319415720796214,0.960688605469898,-0.9890707100936834,-0.9890707100923614,-0.9890707100923614,0
-0.6284769055171394,-0.4013320762845671,-0.0519040485414448,-0.0380436083044864,-0.052025128768847,-0.460678546139541,1.7084170734427009,-0.9983390967923584,0.3319415720796214,0.960688605469898,-0.9890707100936834,-0.9890707100923614,-0.9890707100923614,0
-0.6315843396947579,-0.4524140097445548,-0.0478068838319876,-0.0468804475105461,-0.051439654979344,-0.5207089300640336,1.7084170734427009,-0.9983390967923584,0.3319415720796214,0.960688605469898,-0.9890707100936834,-0.9890707100923614,-0.9890707100923614,0
-0.6375548367982029,-0.4845619958801343,-0.0386431358309191,-0.0434171901004896,-0.0673219369654941,-0.5639230328959529,1.7084170734427009,-0.9983390967923584,0.3319415720796214,0.960688605469898,-0.9890707100936834,-0.9890707100923614,-0.9890707100923614,0
-0.6389813563720518,-0.5009779897662265,-0.0240169820573522,-0.0408202968532339,-0.0343194503200683,-0.5896408190403526,1.7084170734427009,-0.9983390967923584,0.3319415720796214,0.960688605469898,-0.9890707100936834,-0.9890707100923614,-0.9890707100923614,0
-0.6390653075558654,-0.5076788340230266,-0.0626178156563997,-0.0183890613308384,-0.067239106177367,-0.6020308858182423,1.7084170734427009,-0.9983390967923584,0.3319415720796214,0.960688605469898,-0.9890707100936834,-0.9890707100923614,-0.9890707100923614,0
-0.6441824691063598,-0.5098452163133977,-0.022385570232168,0.0030078681962178,-0.0346670289054972,-0.6068177498416947,1.7084170734427009,-0.9983390967923584,0.3319415720796214,0.960688605469898,-0.9890707100936834,-0.9890707100923614,-0.9890707100923614,0
-0.6388641794521202,-0.5103939583401439,-0.0475698864655399,-0.0442807286803038,-0.043586475856419,-0.6082935026465821,1.7084170734427009,-0.9983390967923584,0.3319415720796214,-1.5753973654211402,-0.9890707100936834,-0.9890707100923614,-0.9890707100923614,0
-0.6452291308898943,-0.5105005907120569,-0.0463327103978922,-0.0551615885578984,-0.0481919901909849,-0.6086542585630002,1.7084170734427009,-0.9983390967923584,0.3319415720796214,-1.5753973654211402,-0.9890707100936834,-0.9890707100923614,-0.9890707100923614,0
-0.6397261784532063,-0.5105157382338945,-0.0168407928167115,-0.0338022903836554,-0.040548651750132,-0.6087232604889732,1.7084170734427009,-0.9983390967923584,0.3319415720796214,-1.5753973654211402,-0.9890707100936834,-0.9890707100923614,-0.9890707100923614,0
-0.2741291031865062,-0.5105171096091679,-0.0445712546374185,-0.0666149924637186,-0.0136864236037506,-0.6087332916267989,1.7084170734427009,-0.9983390967923584,0.3319415720796214,-1.5753973654211402,-0.9890707100936834,-0.9890707100923614,-0.9890707100923614,0
-0.2780391492372092,-0.5105171419343577,0.0416212572202997,0.0295479648434186,-0.0082152767967358,-0.6087343286239612,1.7084170734427009,-0.9983390967923584,0.3319415720796214,-1.5753973654211402,-0.9890707100936834,-0.9890707100923614,-0.9890707100923614,0
-0.2774979457993156,-0.5105171317096743,-0.0166219811308626,-0.0508728252945081,-0.0191728153243351,-0.6087343913657766,1.7084170734427009,-0.9983390967923584,0.3319415720796214,-1.5753973654211402,-0.9890707100936834,-0.9890707100923614,-0.9890707100923614,0
-0.2774658341350817,-0.5105171304023144,-0.0446628070148484,-0.0835641472244992,-0.0581694752176916,-0.6087343915343977,1.7084170734427009,-0.9983390967923584,0.3319415720796214,-1.5753973654211402,-0.9890707100936834,-0.9890707100923614,-0.9890707100923614,0
-0.2787601338700946,-0.5105171304000125,0.0222759821369218,0.0242482114977608,-0.0203896948438811,-0.6087343912989515,1.7084170734427009,-0.9983390967923584,0.3319415720796214,-1.5753973654211402,-0.9890707100936834,-0.9890707100923614,-0.9890707100923614,0
-0.2797912446291504,-0.5105171304129742,0.0020684572372428,-0.0263410324493286,-0.0464908746269254,-0.6087343913087777,1.7084170734427009,-0.9983390967923584,0.3319415720796214,-1.5753973654211402,-0.9890707100936834,-0.9890707100923614,-0.9890707100923614,0
-0.2775312423861691,-0.5105171304137651,-0.045019939834653,-0.0892352216307361,-0.0627631911800664,-0.6087343913136908,1.7084170734427009,-0.9983390967923584,0.3319415720796214,-1.5753973654211402,-0.9890707100936834,-0.9890707100923614,-0.9890707100923614,0
-0.278159396094186,-0.5105171304136589,-0.040391352828099,-0.074278274780638,-0.0128300201793665,-0.6087343913140152,1.7084170734427009,-0.9983390967923584,0.3319415720796214,-1.5753973654211402,-0.9890707100936834,-0.9890707100923614,-0.9890707100923614,0
-0.2782757978115961,-0.5105171304136589,-0.0587676351637346,-0.0506359618735169,-0.0341412376349727,-0.6087343913140152,1.7084170734427009,-0.9983390967923584,0.3319415720796214,-1.5753973654211402,-0.9890707100936834,-0.9890707100923614,-0.9890707100923614,0
-0.277497590845577,-0.5105171304136589,-0.0388545468803826,-0.0599076622376829,-0.0013777737972006,-0.6087343913140152,1.7084170734427009,-0.9983390967923584,0.3319415720796214,-1.5753973654211402,-0.9890707100936834,-0.9890707100923614,-0.9890707100923614,0
-0.2775475929831823,-0.5105171304136589,-0.0172649140422014,-0.0091049816397545,0.0022173519715857,-0.6087343913140152,1.7084170734427009,-0.9983390967923584,0.3319415720796214,-1.5753973654211402,-0.9890707100936834,-0.9890707100923614,-0.9890707100923614,0
-0.276633029623911,-0.5105171304136589,-0.0156548042236942,-0.0502399953949096,0.0085853599415747,-0.6087343913140152,1.7084170734427009,-0.9983390967923584,0.3319415720796214,-1.5753973654211402,-0.9890707100936834,-0.9890707100923614,-0.9890707100923614,0
-0.2763514064046649,-0.5105171304136589,-0.0641570982475173,-0.0790173971357909,-0.0311716273715173,-0.6087343913140152,1.7084170734427009,-0.9983390967923584,0.3319415720796214,-1.5753973654211402,-0.9890707100936834,-0.9890707100923614,-0.9890707100923614,0
-0.2812051174795909,-0.5105171304136589,-0.0293915313957656,-0.0559445455066203,-0.0301601105697962,-0.6087343913140152,1.7084170734427009,-0.9983390967923584,0.3319415720796214,-1.5753973654211402,-0.9890707100936834,-0.9890707100923614,-0.9890707100923614,0
-0.2753875617528437,-0.5105171304136589,-0.0297394467495645,-0.0181064808854953,-0.0222757434359977,-0.6087343913140152,1.7084170734427009,-0.9983390967923584,0.3319415720796214,-1.5753973654211402,-0.9890707100936834,-0.9890707100923614,-0.9890707100923614,0
-0.2779742203723797,-0.5105171304136589,-0.0182398854336021,-0.0072657672643251,-0.0050429020389545,-0.6087343913140152,1.7084170734427009,-0.9983390967923584,0.3319415720796214,-1.5753973654211402,-0.9890707100936834,-0.9890707100923614,-0.9890707100923614,0
-0.2774936625734255,-0.5105171304136589,-0.0064693858466936,0.0171799743388465,-0.0225426460288946,-0.6087343913140152,1.7084170734427009,-0.9983390967923584,0.3319415720796214,-1.5753973654211402,-0.9890707100936834,-0.9890707100923614,-0.9890707100923614,0
-0.2791284454646047,-0.5105171304136589,-0.0727267600836245,-0.0908082129412187,-0.0507235906693315,-0.6087343913140152,1.7084170734427009,-0.9983390967923584,0.3319415720796214,-1.5753973654211402,-0.9890707100936834,-0.9890707100923614,-0.9890707100923614,0
-0.2757607773434747,-0.5105171304136589,-0.0468193433066549,-0.0616802850055347,-0.0314368250965285,-0.6087343913140152,1.7084170734427009,-0.9983390967923584,0.3319415720796214,-1.5753973654211402,-0.9890707100936834,-0.9890707100923614,-0.9890707100923614,0
-0.2802284231732734,-0.5105171304136589,-0.0482262883624151,-0.0954358207641029,-0.0236088714340794,-0.6087343913140152,1.7084170734427009,-0.9983390967923584,0.3319415720796214,-1.5753973654211402,-0.9890707100936834,-0.9890707100923614,-0.9890707100923614,0
-0.2789873600475034,-0.5105171304136589,0.0197921899201996,-0.0263314549996667,0.028189040101419,-0.6087343913140152,1.7084170734427009,-0.9983390967923584,0.3319415720796214,-1.5753973654211402,-0.9890707100936834,-0.9890707100923614,-0.9890707100923614,0
-0.276207735347758,-0.5105171304136589,-0.0517328754713595,-0.0737275309324351,-0.0377189494151286,-0.6087343913140152,1.7084170734427009,-0.9983390967923584,0.3319415720796214,-1.5753973654211402,-0.9890707100936834,-0.9890707100923614,-0.9890707100923614,0
-0.2760804382026279,-0.5105171304136589,-0.0196772859150871,-0.0563124627051834,-0.0261015527084741,-0.6087343913140152,1.7084170734427009,-0.9983390967923584,0.3319415720796214,-1.5753973654211402,-0.9890707100936834,-0.9890707100923614,-0.9890707100923614,0
-0.277890596279512,-0.5105171304136589,-0.0166856146085015,-0.0309929568637942,-0.0048732571529167,-0.6087343913140152,1.7084170734427009,-0.9983390967923584,0.3319415720796214,-1.5753973654211402,-0.9890707100936834,-0.9890707100923614,-0.9890707100923614,0
-0.2784719598985992,-0.5105171304136589,-0.0271358885361496,-0.0745110327574151,-0.041539208332408,-0.6087343913140152,1.7084170734427009,-0.9983390967923584,0.3319415720796214,-1.5753973654211402,-0.9890707100936834,-0.9890707100923614,-0.9890707100923614,0
-0.2805421934156277,-0.5105171304136589,-0.0393394550452913,-0.0647386413532893,-0.0041572080478168,-0.6087343913140152,1.7084170734427009,-0.9983390967923584,0.3319415720796214,-1.5753973654211402,-0.9890707100936834,-0.9890707100923614,-0.9890707100923614,0
-0.2781664140690259,-0.5105171304136589,-0.0273577272162424,-0.069660450838771,-0.0504378916774008,-0.6087343913140152,1.7084170734427009,-0.9983390967923584,0.3319415720796214,-1.5753973654211402,-0.9890707100936834,-0.9890707100923614,-0.9890707100923614,0
-0.2778822162507798,-0.5105171304136589,0.0025932135361521,-0.0393016210160823,-0.0363849374419669,-0.6087343913140152,1.7084170734427009,-0.9983390967923584,0.3319415720796214,-1.5753973654211402,-0.9890707100936834,-0.9890707100923614,-0.9890707100923614,0
-0.2714449570037081,-0.5105171304136589,-0.0393412808544467,-0.0630901494760079,-0.0130331166383552,-0.6087343913140152,1.7084170734427009,-0.9983390967923584,0.3319415720796214,-1.5753973654211402,-0.9890707100936834,-0.9890707100923614,-0.9890707100923614,0
-0.2769950438739452,-0.5105171304136589,-0.0582336620568042,-0.065706213765832,-0.0441068214430431,-0.6087343913140152,1.7084170734427009,-0.9983390967923584,0.3319415720796214,-1.5753973654211402,-0.9890707100936834,-0.9890707100923614,-0.9890707100923614,0
-0.2774175782517967,-0.5105171304136589,-0.0702449265358642,-0.0755616743375212,-0.0455055240424741,-0.6087343913140152,1.7084170734427009,-0.9983390967923584,0.3319415720796214,-1.5753973654211402,-0.9890707100936834,-0.9890707100923614,-0.9890707100923614,0
-0.2745512916987598,-0.5105171304136589,-0.02089800410374,-0.0588667769720389,0.0001797135368031,-0.6087343913140152,1.7084170734427009,-0.9983390967923584,0.3319415720796214,-1.5753973654211402,-0.9890707100936834,-0.9890707100923614,-0.9890707100923614,0
-0.2789027985594665,-0.5105171304136589,-0.0398065048314588,-0.015915656349035,-0.053248793024254,-0.6087343913140152,1.7084170734427009,-0.9983390967923584,0.3319415720796214,-1.5753973654211402,-0.9890707100936834,-0.9890707100923614,-0.9890707100923614,0
-0.2793021333259195,-0.5105171304136589,-0.0445607012584529,-0.0732884438141785,-0.021098979612305,-0.6087343913140152,1.7084170734427009,-0.9983390967923584,0.3319415720796214,-1.5753973654211402,-0.9890707100936834,-0.9890707100923614,-0.9890707100923614,0
-0.2790114416463872,-0.5105171304136589,-0.0282577755143517,-0.0302874641546027,-0.0191838611460273,-0.6087343913140152,1.7084170734427009,-0.9983390967923584,0.3319415720796214,-1.5753973654211402,-0.9890707100936834,-0.9890707100923614,-0.9890707100923614,0
-0.2785781945059239,-0.5105171304136589,-0.0453769559166629,-0.0876408252483488,-0.0617270880195846,-0.6087343913140152,1.7084170734427009,-0.9983390967923584,0.3319415720796214,-1.5753973654211402,-0.9890707100936834,-0.9890707100923614,-0.9890707100923614,0
-0.2779367994238192,-0.5105171304136589,-0.0013704279765667,-0.0168386946827053,0.0167987103110568,-0.6087343913140152,1.7084170734427009,-0.9983390967923584,0.3319415720796214,-1.5753973654211402,-0.9890707100936834,-0.9890707100923614,-0.9890707100923614,0
-0.2778955501637132,-0.5105171304136589,-0.0774077427992041,-0.0851997734626891,-0.0471431236125032,-0.6087343913140152,1.7084170734427009,-0.9983390967923584,0.3319415720796214,-1.5753973654211402,-0.9890707100936834,-0.9890707100923614,-0.9890707100923614,0
-0.2796446399645915,-0.5105171304136589,-0.0248633300036557,-0.0658620778399208,0.0022771568372259,-0.6087343913140152,1.7084170734427009,-0.9983390967923584,0.3319415720796214,-1.5753973654211402,-0.9890707100936834,-0.9890707100923614,-0.9890707100923614,0
-0.2966614443630108,-0.6100151479911188,-0.0075789634723856,-0.0361353117228783,-0.0069049458141712,-0.6055422163386819,-1.3656920814789535,-0.9983390967923584,0.3319415720796214,-1.5753973654211402,-0.9890707100936834,-0.9890707100923614,-0.9890707100923614,0
-0.3498871597972653,-0.5575052222875712,-0.0219005670991702,-0.0372621654657962,-0.0261884846408204,-0.6085009486224121,-1.3656920814789535,-0.9983390967923584,0.3319415720796214,-1.5753973654211402,-0.9890707100936834,-0.9890707100923614,-0.9890707100923614,0
-0.3769511478203242,-0.5718569016284409,-0.0267072989669945,-0.0321785000605707,-0.0006973910863712,-0.6214697468473782,-1.3656920814789535,-0.9983390967923584,0.3319415720796214,-1.5753973654211402,-0.9890707100936834,-0.9890707100923614,-0.9890707100923614,0
-0.4088614133424263,-0.6588970776135137,-0.0219855831554649,0.0562090217442401,-0.0253855014518303,-0.6353990883385658,-1.3656920814789535,-0.9983390967923584,0.3319415720796214,-1.5753973654211402,-0.9890707100936834,-0.9890707100923614,-0.9890707100923614,0
-0.414718564737377,-0.6744412945121411,0.0261270078437954,0.0179457212259228,0.0199553840264397,-0.6540685370289717,-1.3656920814789535,-0.9983390967923584,0.3319415720796214,-1.5753973654211402,-0.9890707100936834,-0.9890707100923614,-0.9890707100923614,0
-0.4511674979616594,-0.7025265661976507,0.0094730425103061,-0.0128915078735445,0.0181326340358571,-0.6809095654653894,-1.3656920814789535,-0.9983390967923584,0.3319415720796214,-1.5753973654211402,-0.9890707100936834,-0.9890707100923614,-0.9890707100923614,0
-0.4568263673369619,-0.7321411069024101,-0.0152090377982498,-0.0510738667289586,0.0080245207694442,-0.7093119090619288,-1.3656920814789535,-0.9983390967923584,0.3319415720796214,-1.5753973654211402,-0.9890707100936834,-0.9890707100923614,-0.9890707100923614,0
-0.4449321166491348,-0.7629735725377242,-0.0141863745630539,-0.0552082634643549,0.0140735642338128,-0.7390255753222343,-1.3656920814789535,-0.9983390967923584,0.3319415720796214,-1.5753973654211402,-0.9890707100936834,-0.9890707100923614,-0.9890707100923614,0
-0.4649807095217546,-0.7938075549583258,-0.0239326420677248,-0.0569810436164535,-0.0030216154102835,-0.7688843233078549,-1.3656920814789535,-0.9983390967923584,0.3319415720796214,-1.5753973654211402,-0.9890707100936834,-0.9890707100923614,-0.9890707100923614,0
-0.4564013862062626,-0.8239043639755365,0.0300284057010308,-0.006773813291225,0.0518442737543733,-0.7981086037014687,-1.3656920814789535,-0.9983390967923584,0.3319415720796214,-1.5753973654211402,-0.9890707100936834,-0.9890707100923614,-0.9890707100923614,0
-0.4794187597666893,-0.8524131725037365,0.0044116653690888,-0.0333471963731754,0.0284953664020987,-0.8259835580355026,-1.3656920814789535,-0.9983390967923584,0.3319415720796214,-1.5753973654211402,-0.9890707100936834,-0.9890707100923614,-0.9890707100923614,0
-0.4751583443083289,-0.8775519633143177,-0.0180029466293531,-0.0669489179998042,0.0182590939497377,-0.8508949891087346,-1.3656920814789535,-0.9983390967923584,0.3319415720796214,-1.5753973654211402,-0.9890707100936834,-0.9890707100923614,-0.9890707100923614,0
-0.4812600377364603,-0.8973131163711724,0.0510599714512532,0.009409128456655,0.0765630140652389,-0.8708272164197025,-1.3656920814789535,-0.9983390967923584,0.3319415720796214,-1.5753973654211402,-0.9890707100936834,-0.9890707100923614,-0.9890707100923614,0
-0.5060284329427164,-0.9108103738952614,0.0084340213637727,-0.0339176468322458,0.0368331289646184,-0.8847044293823514,-1.3656920814789535,-0.9983390967923584,0.3319415720796214,-1.5753973654211402,-0.9890707100936834,-0.9890707100923614,-0.9890707100923614,0
-0.5124911488491279,-0.9187529903906492,0.0180057494900328,-0.022244845707233,0.0438401467851923,-0.8930249905715664,-1.3656920814789535,-0.9983390967923584,0.3319415720796214,-1.5753973654211402,-0.9890707100936834,-0.9890707100923614,-0.9890707100923614,0
-0.5122147677936186,-0.9227883044816432,0.0338064038939794,0.0056796749831233,0.0468820885180653,-0.897326763607411,-1.3656920814789535,-0.9983390967923584,0.3319415720796214,-1.5753973654211402,-0.9890707100936834,-0.9890707100923614,-0.9890707100923614,0
-0.4848175231300238,-0.924571166292432,0.0310495766587466,0.0175943633307046,0.0298176254267091,-0.8992578559412224,-1.3656920814789535,-0.9983390967923584,0.3319415720796214,-1.5753973654211402,-0.9890707100936834,-0.9890707100923614,-0.9890707100923614,0
-0.4537408676549505,-0.9252624206991528,0.0615845084352706,0.0106151782294233,0.0957209090467343,-0.9000174468018052,-1.3656920814789535,-0.9983390967923584,0.3319415720796214,-1.5753973654211402,-0.9890707100936834,-0.9890707100923614,-0.9890707100923614,0
-0.4651896181870005,-0.9254998312906106,0.0385828981939632,0.0072659572206689,0.0545535184026993,-0.9002817462673276,-1.3656920814789535,-0.9983390967923584,0.3319415720796214,-1.5753973654211402,-0.9890707100936834,-0.9890707100923614,-0.9890707100923614,0
-0.4972415419647151,-0.9255727005125898,-0.0429122520431971,-0.0767000386076049,-0.0202908324020915,-0.9003638313705198,-1.3656920814789535,-0.9983390967923584,0.3319415720796214,-1.5753973654211402,-0.9890707100936834,-0.9890707100923614,-0.9890707100923614,0
-0.4778523311759907,-0.9255928494784164,0.0632972387932786,0.0604676945594066,0.049931082547069,-0.9003867737478725,-1.3656920814789535,-0.9983390967923584,0.3319415720796214,-1.5753973654211402,-0.9890707100936834,-0.9890707100923614,-0.9890707100923614,0
-0.4944036674711545,-0.9255979043661652,0.0300059464963138,0.0225891289106911,0.0228806531825056,-0.9003925863428922,-1.3656920814789535,-0.9983390967923584,0.3319415720796214,-1.5753973654211402,-0.9890707100936834,-0.9890707100923614,-0.9890707100923614,0
-0.4779973388140631,-0.925599062109439,0.0060230230338155,-0.035015590687119,0.0332536389072267,-0.900393929756709,-1.3656920814789535,-0.9983390967923584,0.3319415720796214,-1.5753973654211402,-0.9890707100936834,-0.9890707100923614,-0.9890707100923614,0
-0.4852421695845557,-0.925599305483463,0.0341233443938472,-0.00188538146966,0.0549457789179039,-0.9003942145490733,-1.3656920814789535,-0.9983390967923584,0.3319415720796214,-1.5753973654211402,-0.9890707100936834,-0.9890707100923614,-0.9890707100923614,0
-0.4912081243194947,-0.9255993526538476,0.0146487111850294,-0.0270383387098183,0.0420716240432893,-0.8999028435476046,1.2798838222021367,-0.9983390967923584,0.3319415720796214,-1.5753973654211402,-0.9890707100936834,-0.9890707100923614,-0.9890707100923614,0
-0.3659741140582672,-0.8837081971675634,-0.0088498100669482,-0.052396612406162,0.0216208146669236,-0.8956929503183916,1.2798838222021367,-0.9983390967923584,0.3899856317143949,-1.5753973654211402,-0.9890707100936834,-0.9890707100923614,-0.9890707100923614,0
-0.3319559377875035,-0.8669178383898987,0.0157960951814196,-0.0174359623750205,0.0348321266317754,-0.8892809204389156,1.2798838222021367,-0.9983390967923584,0.3899856317143949,-1.5753973654211402,-0.9890707100936834,-0.9890707100923614,-0.9890707100923614,0
-0.3132336094330317,-0.7813462925449962,-0.0553775641042085,-0.0618696025062925,-0.0229941787178251,-0.8812395943673997,1.2798838222021367,-0.9983390967923584,0.3899856317143949,-1.5753973654211402,-0.9890707100936834,-0.9890707100923614,-0.9890707100923614,0
-0.3100350958973617,-0.752892546370741,-0.0568328128388643,-0.0950490485062719,-0.0347332109794775,-0.8575851382717389,1.2798838222021367,-0.9983390967923584,0.3899856317143949,-1.5753973654211402,-0.9890707100936834,-0.9890707100923614,-0.9890707100923614,0
-0.3001566009417864,-0.7216040205097466,-0.0134994046408947,-0.0302253034224588,0.0111757683368606,-0.8304661932481912,1.2798838222021367,-0.9983390967923584,0.3899856317143949,-1.5753973654211402,-0.9890707100936834,-0.9890707100923614,-0.9890707100923614,0
-0.2959423200739342,-0.6892716458907979,-0.0168085827906829,-0.0222990290313405,0.0135866283899715,-0.8006796023503833,1.2798838222021367,-0.9983390967923584,0.3899856317143949,-1.5753973654211402,-0.9890707100936834,-0.9890707100923614,-0.9890707100923614,0
-0.2942089461193878,-0.6568881683333093,0.044732412356686,0.0248894422065308,0.0129156098837638,-0.7703648735507533,1.2798838222021367,-0.9983390967923584,0.3899856317143949,-1.5753973654211402,-0.9890707100936834,-0.9890707100923614,-0.9890707100923614,0
-0.2896492297567173,-0.6252355949156885,-0.0367396723437793,-0.0528028281581327,-0.0078634241271739,-0.7400251263041043,1.2798838222021367,-0.9983390967923584,0.3899856317143949,1.1177479583680952,-0.9890707100936834,-0.9890707100923614,-0.9890707100923614,0
-0.2840041543628299,-0.5966864365139787,-0.0216562723468423,-0.0645064984619591,0.0080796632093941,-0.7106972061662012,1.2798838222021367,-0.9983390967923584,0.3899856317143949,1.1177479583680952,-0.9890707100936834,-0.9890707100923614,-0.9890707100923614,0
-0.2859533629262923,-0.5745163334719248,-0.0833049938019253,0.0240593875535588,-0.05704564146235,-0.6850970119463611,1.2798838222021367,-0.9983390967923584,0.3899856317143949,1.1177479583680952,-0.9890707100936834,-0.9890707100923614,-0.9890707100923614,0
-0.6922041078216107,-0.5603344248269083,-0.0387182798527894,-0.0156452551194581,-0.0400689771410678,-0.6661950536697517,1.2798838222021367,-0.9983390967923584,0.3899856317143949,1.1177479583680952,-0.9890707100936834,-0.9890707100923614,-0.9890707100923614,0
-0.6957436850091581,-0.5529710110272328,-0.0420488307494718,-0.0401901371381808,-0.0418583556516788,-0.654769611171139,1.2798838222021367,-0.9983390967923584,0.3899856317143949,1.1177479583680952,-0.9890707100936834,-0.9890707100923614,-0.9890707100923614,0
-0.6934136160555732,-0.549863865196472,-0.0268857908489604,-0.0608136466517458,-0.037036361890201,-0.6491518051388349,1.2798838222021367,-0.9983390967923584,0.3899856317143949,1.1177479583680952,-0.9890707100936834,-0.9890707100923614,-0.9890707100923614,0
-0.6977797170744721,-0.5487911171664114,-0.0506392878454718,-0.075438712825038,-0.0396718689739739,-0.6468923616018476,1.2798838222021367,-0.9983390967923584,0.3899856317143949,1.1177479583680952,-0.9890707100936834,-0.9890707100923614,-0.9890707100923614,0
-0.6883761510444752,-0.5484860089891253,-0.0603853728242861,-0.0643249440033026,-0.0519160768699474,-0.6461424096005367,1.2798838222021367,-0.9983390967923584,0.3899856317143949,1.1177479583680952,-0.9890707100936834,-0.9890707100923614,-0.9890707100923614,0
-0.696736175412402,-0.5484141942697508,-0.0254100633500615,-0.044506509023465,-0.0473678522161902,-0.6459352381670004,1.2798838222021367,-0.9983390967923584,0.3899856317143949,1.1177479583680952,-0.9890707100936834,-0.9890707100923614,-0.9890707100923614,0
-0.6913627467242695,-0.5484001912970254,-0.0566598901503576,-0.0359100670613873,-0.063851200647773,-0.645887291175701,1.2798838222021367,-0.9983390967923584,0.3899856317143949,1.1177479583680952,-0.9890707100936834,-0.9890707100923614,-0.9890707100923614,0
-0.686643997631074,-0.54839793775432,-0.0348182165005039,-0.0287531770700678,-0.0476013541114886,-0.645877953789039,1.2798838222021367,-0.9983390967923584,0.3899856317143949,1.1177479583680952,-0.9890707100936834,-0.9890707100923614,-0.9890707100923614,0
-0.690596004679845,-0.5483976414613431,-0.0466244763417854,-0.0521267664450299,-0.0585922836045093,-0.6458764202970875,1.2798838222021367,-0.9983390967923584,0.3899856317143949,1.1177479583680952,-0.9890707100936834,-0.9890707100923614,-0.9890707100923614,0
-0.6907686933845036,-0.548397610263053,-0.0529144985525542,-0.0524084178849069,-0.0422711958854635,-0.6458762077711283,1.2798838222021367,-0.9983390967923584,0.3899856317143949,1.1177479583680952,-0.9890707100936834,-0.9890707100923614,-0.9890707100923614,0
-0.692634624542433,-0.5483976077252888,-0.0309637846196339,-0.0176639199284634,-0.0491940437979344,-0.6458761828960731,1.2798838222021367,-0.9983390967923584,0.3899856317143949,1.1177479583680952,-0.9890707100936834,-0.9890707100923614,-0.9890707100923614,0
-0.6924390856766784,-0.5483976075757218,-0.0371535748307614,0.0010057525187615,-0.037002291585622,-0.6458761804240334,1.2798838222021367,-0.9983390967923584,0.3899856317143949,1.1177479583680952,-0.9890707100936834,-0.9890707100923614,-0.9890707100923614,0
-0.6860192498731839,-0.5483976075699256,-0.0246951137168144,-0.0253847999518353,-0.0711160474374001,-0.6458761802112756,1.2798838222021367,-0.9983390967923584,0.3899856317143949,1.1177479583680952,-0.9890707100936834,-0.9890707100923614,-0.9890707100923614,0
-0.6932454617308145,-0.5483976075697249,-0.0596366884569408,-0.040245515369942,-0.0627422108092746,-0.6458761801945896,1.2798838222021367,-0.9983390967923584,0.3899856317143949,1.1177479583680952,-0.9890707100936834,-0.9890707100923614,-0.9890707100923614,0
-0.6882260970142546,-0.5483976075697249,-0.0386622073075567,-0.0567617826892228,-0.0524868032935115,-0.6458761801933265,1.2798838222021367,-0.9983390967923584,0.3899856317143949,1.1177479583680952,-0.9890707100936834,-0.9890707100923614,-0.9890707100923614,0
-0.6901765780149801,-0.5483976075697249,-0.0299077463550164,-0.0118761502236441,-0.0125525722814469,-0.6458761801932339,1.2798838222021367,-0.9983390967923584,0.3899856317143949,1.1177479583680952,-0.9890707100936834,-0.9890707100923614,-0.9890707100923614,0
-0.6841368327031359,-0.5483976075697249,-0.0068910313247339,-0.0226901964133149,-0.0122865644758344,-0.6458761801932339,1.2798838222021367,-0.9983390967923584,0.3899856317143949,1.1177479583680952,-0.9890707100936834,-0.9890707100923614,-0.9890707100923614,0
-0.6909451372001146,-0.5483976075697249,-0.0342695070761297,-0.0146448295405825,-0.0401558288799029,-0.6458761801932339,1.2798838222021367,-0.9983390967923584,0.3899856317143949,1.1177479583680952,-0.9890707100936834,-0.9890707100923614,-0.9890707100923614,0
-0.6903108139025101,-0.5483976075697249,-0.0363498367657118,-0.0301340777347841,-0.0603830585815931,-0.6458761801932339,1.2798838222021367,-0.9983390967923584,0.3899856317143949,1.1177479583680952,-0.9890707100936834,-0.9890707100923614,-0.9890707100923614,0
-0.6930625026475552,-0.5483976075697249,-0.0444144049794629,-0.0614372704127818,-0.0402415627734505,-0.6458761801932339,1.2798838222021367,-0.9983390967923584,0.3899856317143949,1.1177479583680952,-0.9890707100936834,-0.9890707100923614,-0.9890707100923614,0
-0.6836272874614385,-0.5483976075697249,-0.0298739300504858,-0.0490429060819418,-0.0671650721762313,-0.6458761801932339,1.2798838222021367,-0.9983390967923584,0.3899856317143949,1.1177479583680952,-0.9890707100936834,-0.9890707100923614,-0.9890707100923614,0
-0.6913634719721492,-0.5483976075697249,-0.0259572525325778,-0.0464632296337562,-0.0118410763745773,-0.6458761801932339,1.2798838222021367,-0.9983390967923584,0.3899856317143949,1.1177479583680952,-0.9890707100936834,-0.9890707100923614,-0.9890707100923614,0
-0.6905741873837733,-0.5483976075697249,-0.0461136103304604,-0.0507578913211019,-0.0349239961116495,-0.6458761801932339,1.2798838222021367,-0.9983390967923584,0.3899856317143949,1.1177479583680952,-0.9890707100936834,-0.9890707100923614,-0.9890707100923614,0
-0.7566406581847506,-0.6478711635839334,-0.0515910964206763,-0.0189131552711823,-0.0461602805496134,-0.6439867234237514,-1.538882121033148,-0.9983390967923584,0.3899856317143949,1.1177479583680952,-0.9890707100936834,-0.9890707100923614,-0.9890707100923614,0
-0.9535646996889968,-0.5943082728101343,-0.0434021331080835,-0.0209349806463045,-0.0224205410097441,-0.6452809596514358,-1.538882121033148,-0.9983390967923584,0.3899856317143949,1.1177479583680952,-0.9890707100936834,-0.9890707100923614,-0.9890707100923614,0
-1.1258779981960396,-0.6833458787953615,-0.0152594076835586,-0.0113543089505642,-0.0165082078746662,-0.6547128199247103,-1.538882121033148,-0.9983390967923584,0.3899856317143949,1.1177479583680952,-0.9890707100936834,-0.9890707100923614,-0.9890707100923614,0
-1.1530365256786737,-0.6938786346495565,0.0187884980671736,-0.0096797946254653,-0.0139170919601411,-0.6694646399495633,-1.538882121033148,-0.9983390967923584,0.3899856317143949,1.1177479583680952,-0.9890707100936834,-0.9890707100923614,-0.9890707100923614,0
-1.1766989935050882,-0.7067436362069572,-0.0259878333357653,-0.0310172256343745,-0.0319511193108088,-0.6825263251266858,-1.538882121033148,-0.9983390967923584,0.3899856317143949,1.1177479583680952,-0.9890707100936834,-0.9890707100923614,-0.9890707100923614,0
-1.2021784682074417,-0.730261837627233,0.0039984690495129,0.0236027116326452,0.0212729179111692,-0.7065757331635963,-1.538882121033148,-0.9983390967923584,0.3899856317143949,1.1177479583680952,-0.9890707100936834,-0.9890707100923614,-0.9890707100923614,0
-1.2282803324608549,-0.7596044653844973,0.0045608573806287,-0.0311639902393375,-0.0058294938580713,-0.7349165282706838,-1.538882121033148,-0.9983390967923584,0.3899856317143949,1.1177479583680952,-0.9890707100936834,-0.9890707100923614,-0.9890707100923614,0
-1.282232852467048,-0.7888191922543488,0.0024709957760445,0.0656828491990172,-0.0389989502104974,-0.7631562897116844,-1.538882121033148,-0.9983390967923584,0.3899856317143949,1.1177479583680952,-0.9890707100936834,-0.9890707100923614,-0.9890707100923614,0
-1.284906396417881,-0.8182931508241268,-0.0154686314448222,-0.0157243897052266,-0.0186633395463541,-0.7915825301256021,-1.538882121033148,-0.9983390967923584,0.3899856317143949,1.1177479583680952,-0.9890707100936834,-0.9890707100923614,-0.9890707100923614,0
-1.3249054251984125,-0.8480306522415773,-0.0221444064138058,-0.0295197406134615,-0.0088552421238259,-0.8203502850026594,-1.538882121033148,-0.9983390967923584,0.3899856317143949,1.1177479583680952,-0.9890707100936834,-0.9890707100923614,-0.9890707100923614,0
-1.3409861180952694,-0.8766041329259635,-0.0067183183760596,0.0043153406074113,-0.020340916932733,-0.8482779669349007,-1.538882121033148,-0.9983390967923584,0.3899856317143949,1.1177479583680952,-0.9890707100936834,-0.9890707100923614,-0.9890707100923614,0
-1.3577407629328118,-0.9015173343919194,-0.015282845289138,-0.0297012328279383,-0.003811490499173,-0.8730062979867239,-1.538882121033148,-0.9983390967923584,0.3899856317143949,1.1177479583680952,-0.9890707100936834,-0.9890707100923614,-0.9890707100923614,0
-1.35521719466628,-0.920645082177108,0.0129091074924808,-0.0024129956927082,-0.0197118674079465,-0.8923310281932358,-1.538882121033148,-0.9983390967923584,0.3899856317143949,1.1177479583680952,-0.9890707100936834,-0.9890707100923614,-0.9890707100923614,0
-1.3615782974174075,-0.9334101965529624,-0.014768236944719,-0.0455616329139988,-0.0108242826894554,-0.9054622498060269,-1.538882121033148,-0.9983390967923584,0.3899856317143949,1.1177479583680952,-0.9890707100936834,-0.9890707100923614,-0.9890707100923614,0
-1.3672754314205025,-0.9408011216999318,0.0181401145768147,-0.0014179634557771,0.0138231145755545,-0.9131977177375502,-1.538882121033148,-0.9983390967923584,0.3899856317143949,1.1177479583680952,-0.9890707100936834,-0.9890707100923614,-0.9890707100923614,0
-1.3617116513957583,-0.9445305318075816,-0.0066864008120508,-0.0212006321766631,0.0028921408018283,-0.9171640808273854,-1.538882121033148,-0.9983390967923584,0.3899856317143949,1.1177479583680952,-0.9890707100936834,-0.9890707100923614,-0.9890707100923614,0
-1.3732388336233914,-0.9461832234182443,0.0088593634539042,0.0075013746169724,0.0004206642471403,-0.9189476738747824,-1.538882121033148,-0.9983390967923584,0.3899856317143949,1.1177479583680952,-0.9890707100936834,-0.9890707100923614,-0.9890707100923614,0
-1.3673844260000425,-0.9468322070768898,-0.0005167693507334,-0.0112177372523607,0.0114354383001771,-0.9196573920897944,-1.538882121033148,-0.9983390967923584,0.3899856317143949,1.1177479583680952,-0.9890707100936834,-0.9890707100923614,-0.9890707100923614,0
-1.3685482914330436,-0.9470600831903776,-0.0276941097253818,-0.0490018077921844,-0.0259149269654043,-0.919909590444384,-1.538882121033148,-0.9983390967923584,0.3899856317143949,1.1177479583680952,-0.9890707100936834,-0.9890707100923614,-0.9890707100923614,0
-1.3670139236526342,-0.9471322477294412,0.0025779243154761,0.0008196021037395,-0.0028661049048817,-0.9199903253144888,-1.538882121033148,-0.9983390967923584,0.3899856317143949,1.1177479583680952,-0.9890707100936834,-0.9890707100923614,-0.9890707100923614,0
-1.3681245252365586,-0.9471530226248958,-0.0240005468295651,-0.0267958632028255,-0.0146379631155986,-0.920013796418477,-1.538882121033148,-0.9983390967923584,0.3899856317143949,1.1177479583680952,-0.9890707100936834,-0.9890707100923614,-0.9890707100923614,0
-1.3630842094898927,-0.9471584982204022,-0.0174228769484012,-0.0192635291953328,-0.0521507639841836,-0.8747886658082331,-1.538882121033148,1.6000668505580966,0.3899856317143949,1.1177479583680952,-0.9890707100936834,-0.9890707100923614,-0.9890707100923614,0
-1.2360903179709155,-0.504863742053864,-0.0279422262279418,0.0037759192963382,-0.0164354683237836,-0.4059621985268773,-1.538882121033148,1.6000668505580966,0.3899856317143949,1.1177479583680952,-0.9890707100936834,-0.9890707100923614,-0.9890707100923614,0
-0.91351101879596,0.0335514821401112,-0.028844909649186,-0.0475613610906923,-0.0204542509400633,0.1263820759218456,-1.538882121033148,1.6000668505580966,0.3899856317143949,1.1177479583680952,-0.9890707100936834,-0.9890707100923614,-0.9890707100923614,0
-0.5096776266643698,0.6454764749146645,-0.0629329490005168,-0.0752884638570559,-0.0602509906966484,0.7304203697951015,-1.538882121033148,1.6000668505580966,0.3899856317143949,1.1177479583680952,-0.9890707100936834,-0.9890707100923614,-0.9890707100923614,0
-0.3075053102158986,0.9429236049987608,-0.068830846092515,-0.0924489852942433,-0.075432675426477,0.96529230664519,-1.538882121033148,1.6000668505580966,0.3899856317143949,1.1177479583680952,-0.9890707100936834,-0.9890707100923614,-0.9890707100923614,0
-0.3059679213340425,0.9443886379836391,-0.0829569232544768,-0.0818699358826896,-0.0729092617885465,0.9659829813206444,-1.538882121033148,1.6000668505580966,0.3899856317143949,1.1177479583680952,-0.9890707100936834,-0.9890707100923614,-0.9890707100923614,0
-0.3044897131329582,0.9443886747308192,-0.063945946132743,-0.0887314432934669,-0.0472726086236218,0.9659829939893716,-1.538882121033148,1.6000668505580966,0.3899856317143949,1.1177479583680952,-0.9890707100936834,-0.9890707100923614,-0.9890707100923614,0
-0.3014054668916847,0.9443886747308192,-0.0611683619963136,-0.0167832762588268,-0.0634134700857319,0.9659829939893716,-1.538882121033148,1.6000668505580966,0.3899856317143949,1.1177479583680952,-0.9890707100936834,-0.9890707100923614,-0.9890707100923614,0
-0.3056222096520739,0.9443886747308192,-0.0572406621720501,-0.078918333144681,-0.0829000314427743,0.9659829939893716,-1.538882121033148,1.6000668505580966,0.3899856317143949,1.1177479583680952,-0.9890707100936834,-0.9890707100923614,-0.9890707100923614,0
-0.3054127020194512,0.9443886747308192,-0.0522580746841301,-0.0334835843272599,-0.0672085678794949,0.9659829939893716,-1.538882121033148,1.6000668505580966,0.3899856317143949,1.1177479583680952,-0.9890707100936834,-0.9890707100923614,-0.9890707100923614,0
